# table for melting phases in IAPWS06
nbin_melt    300
pressure_melt_min    6.116548e+02
pressure_melt_max    2.100000e+08
# pressure (Pa)    temperature (degK)    mden_liq (kg / m^3)    mden_ice (kg / m^3)    enthalpy_liq (J / kg)    enthalpy_ice (J / kg)    entropy_liq (J / kg / degK)    entropy_ice (J / kg / degK)
    6.11654771e+02    2.73160000e+02    9.99792520e+02    9.16709492e+02    6.11781681e-01    -3.33444254e+05    -5.73874521e-12    -1.22069434e+03
    6.38202857e+02    2.73159998e+02    9.99792533e+02    9.16709495e+02    6.30508921e-01    -3.33444230e+05    -2.86513421e-05    -1.22069436e+03
    6.65903229e+02    2.73159996e+02    9.99792547e+02    9.16709499e+02    6.50048645e-01    -3.33444206e+05    -5.85472894e-05    -1.22069438e+03
    6.94805899e+02    2.73159994e+02    9.99792562e+02    9.16709502e+02    6.70436637e-01    -3.33444180e+05    -8.97403120e-05    -1.22069440e+03
    7.24963052e+02    2.73159992e+02    9.99792577e+02    9.16709506e+02    6.91709448e-01    -3.33444153e+05    -1.22287560e-04    -1.22069442e+03
    7.56429138e+02    2.73159989e+02    9.99792593e+02    9.16709509e+02    7.13905577e-01    -3.33444125e+05    -1.56247357e-04    -1.22069445e+03
    7.89260969e+02    2.73159987e+02    9.99792610e+02    9.16709513e+02    7.37065210e-01    -3.33444096e+05    -1.91680895e-04    -1.22069447e+03
    8.23517823e+02    2.73159984e+02    9.99792627e+02    9.16709517e+02    7.61229909e-01    -3.33444066e+05    -2.28652809e-04    -1.22069450e+03
    8.59261551e+02    2.73159982e+02    9.99792645e+02    9.16709522e+02    7.86443581e-01    -3.33444034e+05    -2.67229036e-04    -1.22069452e+03
    8.96556690e+02    2.73159979e+02    9.99792664e+02    9.16709526e+02    8.12751439e-01    -3.33444001e+05    -3.07480190e-04    -1.22069455e+03
    9.35470576e+02    2.73159976e+02    9.99792683e+02    9.16709531e+02    8.40201287e-01    -3.33443967e+05    -3.49477943e-04    -1.22069458e+03
    9.76073469e+02    2.73159973e+02    9.99792704e+02    9.16709536e+02    8.68842585e-01    -3.33443931e+05    -3.93298564e-04    -1.22069461e+03
    1.01843868e+03    2.73159970e+02    9.99792725e+02    9.16709541e+02    8.98726917e-01    -3.33443893e+05    -4.39021342e-04    -1.22069464e+03
    1.06264270e+03    2.73159967e+02    9.99792747e+02    9.16709546e+02    9.29908452e-01    -3.33443854e+05    -4.86728403e-04    -1.22069468e+03
    1.10876533e+03    2.73159963e+02    9.99792770e+02    9.16709551e+02    9.62443263e-01    -3.33443813e+05    -5.36506505e-04    -1.22069471e+03
    1.15688986e+03    2.73159960e+02    9.99792795e+02    9.16709557e+02    9.96390261e-01    -3.33443770e+05    -5.88444981e-04    -1.22069475e+03
    1.20710317e+03    2.73159956e+02    9.99792820e+02    9.16709563e+02    1.03181077e+00    -3.33443726e+05    -6.42637485e-04    -1.22069478e+03
    1.25949593e+03    2.73159952e+02    9.99792846e+02    9.16709569e+02    1.06876843e+00    -3.33443679e+05    -6.99182959e-04    -1.22069482e+03
    1.31416272e+03    2.73159948e+02    9.99792874e+02    9.16709576e+02    1.10733036e+00    -3.33443630e+05    -7.58181966e-04    -1.22069486e+03
    1.37120226e+03    2.73159944e+02    9.99792903e+02    9.16709582e+02    1.14756593e+00    -3.33443580e+05    -8.19742162e-04    -1.22069490e+03
    1.43071752e+03    2.73159939e+02    9.99792933e+02    9.16709590e+02    1.18954788e+00    -3.33443527e+05    -8.83974326e-04    -1.22069495e+03
    1.49281597e+03    2.73159935e+02    9.99792964e+02    9.16709597e+02    1.23335200e+00    -3.33443472e+05    -9.50994359e-04    -1.22069500e+03
    1.55760972e+03    2.73159930e+02    9.99792997e+02    9.16709605e+02    1.27905739e+00    -3.33443414e+05    -1.02092324e-03    -1.22069504e+03
    1.62521576e+03    2.73159925e+02    9.99793031e+02    9.16709613e+02    1.32674651e+00    -3.33443354e+05    -1.09388756e-03    -1.22069509e+03
    1.69575615e+03    2.73159919e+02    9.99793066e+02    9.16709621e+02    1.37650555e+00    -3.33443292e+05    -1.17001862e-03    -1.22069515e+03
    1.76935826e+03    2.73159914e+02    9.99793103e+02    9.16709630e+02    1.42842422e+00    -3.33443226e+05    -1.24945432e-03    -1.22069520e+03
    1.84615497e+03    2.73159908e+02    9.99793142e+02    9.16709639e+02    1.48259643e+00    -3.33443158e+05    -1.33233760e-03    -1.22069526e+03
    1.92628495e+03    2.73159902e+02    9.99793182e+02    9.16709648e+02    1.53911983e+00    -3.33443087e+05    -1.41881858e-03    -1.22069532e+03
    2.00989286e+03    2.73159896e+02    9.99793224e+02    9.16709658e+02    1.59809662e+00    -3.33443013e+05    -1.50905308e-03    -1.22069538e+03
    2.09712967e+03    2.73159890e+02    9.99793268e+02    9.16709669e+02    1.65963317e+00    -3.33442936e+05    -1.60320407e-03    -1.22069545e+03
    2.18815287e+03    2.73159883e+02    9.99793314e+02    9.16709680e+02    1.72384073e+00    -3.33442855e+05    -1.70144137e-03    -1.22069551e+03
    2.28312683e+03    2.73159876e+02    9.99793362e+02    9.16709691e+02    1.79083495e+00    -3.33442771e+05    -1.80394304e-03    -1.22069558e+03
    2.38222300e+03    2.73159869e+02    9.99793412e+02    9.16709703e+02    1.86073696e+00    -3.33442683e+05    -1.91089380e-03    -1.22069566e+03
    2.48562031e+03    2.73159861e+02    9.99793464e+02    9.16709715e+02    1.93367301e+00    -3.33442591e+05    -2.02248654e-03    -1.22069573e+03
    2.59350546e+03    2.73159853e+02    9.99793518e+02    9.16709728e+02    2.00977472e+00    -3.33442495e+05    -2.13892266e-03    -1.22069581e+03
    2.70607321e+03    2.73159844e+02    9.99793575e+02    9.16709741e+02    2.08917955e+00    -3.33442395e+05    -2.26041262e-03    -1.22069590e+03
    2.82352683e+03    2.73159836e+02    9.99793634e+02    9.16709755e+02    2.17203093e+00    -3.33442291e+05    -2.38717543e-03    -1.22069599e+03
    2.94607837e+03    2.73159827e+02    9.99793696e+02    9.16709770e+02    2.25847790e+00    -3.33442182e+05    -2.51944167e-03    -1.22069608e+03
    3.07394910e+03    2.73159817e+02    9.99793761e+02    9.16709785e+02    2.34867729e+00    -3.33442069e+05    -2.65744778e-03    -1.22069617e+03
    3.20736989e+03    2.73159807e+02    9.99793828e+02    9.16709801e+02    2.44279161e+00    -3.33441950e+05    -2.80144412e-03    -1.22069627e+03
    3.34658164e+03    2.73159797e+02    9.99793898e+02    9.16709817e+02    2.54099077e+00    -3.33441827e+05    -2.95169054e-03    -1.22069638e+03
    3.49183570e+03    2.73159786e+02    9.99793971e+02    9.16709835e+02    2.64345209e+00    -3.33441698e+05    -3.10845848e-03    -1.22069648e+03
    3.64339432e+03    2.73159775e+02    9.99794047e+02    9.16709853e+02    2.75036044e+00    -3.33441563e+05    -3.27203118e-03    -1.22069660e+03
    3.80153115e+03    2.73159763e+02    9.99794127e+02    9.16709871e+02    2.86190906e+00    -3.33441423e+05    -3.44270328e-03    -1.22069671e+03
    3.96653171e+03    2.73159751e+02    9.99794210e+02    9.16709891e+02    2.97829932e+00    -3.33441276e+05    -3.62078326e-03    -1.22069684e+03
    4.13869390e+03    2.73159738e+02    9.99794297e+02    9.16709911e+02    3.09974114e+00    -3.33441124e+05    -3.80659316e-03    -1.22069697e+03
    4.31832857e+03    2.73159725e+02    9.99794387e+02    9.16709933e+02    3.22645398e+00    -3.33440964e+05    -4.00046794e-03    -1.22069710e+03
    4.50576004e+03    2.73159711e+02    9.99794482e+02    9.16709955e+02    3.35866657e+00    -3.33440798e+05    -4.20275779e-03    -1.22069724e+03
    4.70132675e+03    2.73159696e+02    9.99794580e+02    9.16709978e+02    3.49661768e+00    -3.33440624e+05    -4.41382763e-03    -1.22069738e+03
    4.90538177e+03    2.73159681e+02    9.99794683e+02    9.16710003e+02    3.64055623e+00    -3.33440443e+05    -4.63405923e-03    -1.22069754e+03
    5.11829353e+03    2.73159665e+02    9.99794790e+02    9.16710028e+02    3.79074210e+00    -3.33440254e+05    -4.86385013e-03    -1.22069769e+03
    5.34044646e+03    2.73159649e+02    9.99794902e+02    9.16710054e+02    3.94744650e+00    -3.33440057e+05    -5.10361504e-03    -1.22069786e+03
    5.57224164e+03    2.73159632e+02    9.99795019e+02    9.16710082e+02    4.11095222e+00    -3.33439851e+05    -5.35378737e-03    -1.22069803e+03
    5.81409760e+03    2.73159614e+02    9.99795141e+02    9.16710111e+02    4.28155473e+00    -3.33439637e+05    -5.61481802e-03    -1.22069821e+03
    6.06645101e+03    2.73159595e+02    9.99795268e+02    9.16710141e+02    4.45956180e+00    -3.33439413e+05    -5.88717896e-03    -1.22069840e+03
    6.32975748e+03    2.73159575e+02    9.99795401e+02    9.16710172e+02    4.64529496e+00    -3.33439179e+05    -6.17136177e-03    -1.22069860e+03
    6.60449244e+03    2.73159555e+02    9.99795539e+02    9.16710205e+02    4.83908943e+00    -3.33438935e+05    -6.46787955e-03    -1.22069880e+03
    6.89115191e+03    2.73159534e+02    9.99795684e+02    9.16710239e+02    5.04129532e+00    -3.33438681e+05    -6.77726722e-03    -1.22069901e+03
    7.19025347e+03    2.73159511e+02    9.99795834e+02    9.16710274e+02    5.25227717e+00    -3.33438415e+05    -7.10008522e-03    -1.22069924e+03
    7.50233714e+03    2.73159488e+02    9.99795992e+02    9.16710311e+02    5.47241653e+00    -3.33438138e+05    -7.43691423e-03    -1.22069947e+03
    7.82796640e+03    2.73159464e+02    9.99796156e+02    9.16710350e+02    5.70211015e+00    -3.33437849e+05    -7.78836473e-03    -1.22069971e+03
    8.16772918e+03    2.73159439e+02    9.99796327e+02    9.16710390e+02    5.94177342e+00    -3.33437548e+05    -8.15506904e-03    -1.22069996e+03
    8.52223893e+03    2.73159413e+02    9.99796505e+02    9.16710432e+02    6.19183856e+00    -3.33437233e+05    -8.53769101e-03    -1.22070023e+03
    8.89213571e+03    2.73159385e+02    9.99796692e+02    9.16710476e+02    6.45275699e+00    -3.33436905e+05    -8.93692153e-03    -1.22070050e+03
    9.27808739e+03    2.73159356e+02    9.99796886e+02    9.16710522e+02    6.72500028e+00    -3.33436562e+05    -9.35348008e-03    -1.22070079e+03
    9.68079080e+03    2.73159326e+02    9.99797089e+02    9.16710570e+02    7.00905944e+00    -3.33436205e+05    -9.78812029e-03    -1.22070109e+03
    1.01009730e+04    2.73159295e+02    9.99797301e+02    9.16710620e+02    7.30544721e+00    -3.33435832e+05    -1.02416273e-02    -1.22070140e+03
    1.05393927e+04    2.73159263e+02    9.99797522e+02    9.16710672e+02    7.61469905e+00    -3.33435443e+05    -1.07148189e-02    -1.22070173e+03
    1.09968415e+04    2.73159229e+02    9.99797752e+02    9.16710727e+02    7.93737304e+00    -3.33435037e+05    -1.12085505e-02    -1.22070207e+03
    1.14741452e+04    2.73159193e+02    9.99797993e+02    9.16710783e+02    8.27405210e+00    -3.33434613e+05    -1.17237122e-02    -1.22070243e+03
    1.19721657e+04    2.73159156e+02    9.99798243e+02    9.16710843e+02    8.62534353e+00    -3.33434171e+05    -1.22612361e-02    -1.22070280e+03
    1.24918021e+04    2.73159118e+02    9.99798505e+02    9.16710904e+02    8.99188180e+00    -3.33433710e+05    -1.28220921e-02    -1.22070318e+03
    1.30339926e+04    2.73159077e+02    9.99798778e+02    9.16710969e+02    9.37432854e+00    -3.33433229e+05    -1.34072933e-02    -1.22070359e+03
    1.35997162e+04    2.73159035e+02    9.99799063e+02    9.16711036e+02    9.77337414e+00    -3.33432727e+05    -1.40178964e-02    -1.22070401e+03
    1.41899944e+04    2.73158992e+02    9.99799361e+02    9.16711106e+02    1.01897394e+01    -3.33432203e+05    -1.46550032e-02    -1.22070445e+03
    1.48058928e+04    2.73158946e+02    9.99799671e+02    9.16711179e+02    1.06241754e+01    -3.33431656e+05    -1.53197661e-02    -1.22070491e+03
    1.54485234e+04    2.73158898e+02    9.99799995e+02    9.16711256e+02    1.10774662e+01    -3.33431086e+05    -1.60133859e-02    -1.22070538e+03
    1.61190467e+04    2.73158848e+02    9.99800333e+02    9.16711335e+02    1.15504312e+01    -3.33430491e+05    -1.67371121e-02    -1.22070588e+03
    1.68186731e+04    2.73158796e+02    9.99800685e+02    9.16711419e+02    1.20439234e+01    -3.33429870e+05    -1.74922547e-02    -1.22070640e+03
    1.75486659e+04    2.73158742e+02    9.99801053e+02    9.16711505e+02    1.25588338e+01    -3.33429222e+05    -1.82801768e-02    -1.22070695e+03
    1.83103431e+04    2.73158686e+02    9.99801437e+02    9.16711596e+02    1.30960916e+01    -3.33428546e+05    -1.91023025e-02    -1.22070752e+03
    1.91050799e+04    2.73158627e+02    9.99801837e+02    9.16711690e+02    1.36566677e+01    -3.33427841e+05    -1.99601131e-02    -1.22070811e+03
    1.99343112e+04    2.73158565e+02    9.99802255e+02    9.16711789e+02    1.42415727e+01    -3.33427105e+05    -2.08551628e-02    -1.22070872e+03
    2.07995343e+04    2.73158501e+02    9.99802691e+02    9.16711892e+02    1.48518635e+01    -3.33426337e+05    -2.17890643e-02    -1.22070937e+03
    2.17023112e+04    2.73158434e+02    9.99803145e+02    9.16711999e+02    1.54886414e+01    -3.33425536e+05    -2.27635059e-02    -1.22071004e+03
    2.26442720e+04    2.73158364e+02    9.99803620e+02    9.16712111e+02    1.61530560e+01    -3.33424700e+05    -2.37802473e-02    -1.22071074e+03
    2.36271174e+04    2.73158291e+02    9.99804115e+02    9.16712228e+02    1.68463066e+01    -3.33423828e+05    -2.48411252e-02    -1.22071147e+03
    2.46526220e+04    2.73158215e+02    9.99804632e+02    9.16712350e+02    1.75696450e+01    -3.33422918e+05    -2.59480543e-02    -1.22071224e+03
    2.57226372e+04    2.73158135e+02    9.99805171e+02    9.16712477e+02    1.83243756e+01    -3.33421968e+05    -2.71030386e-02    -1.22071303e+03
    2.68390951e+04    2.73158052e+02    9.99805733e+02    9.16712610e+02    1.91118621e+01    -3.33420977e+05    -2.83081600e-02    -1.22071386e+03
    2.80040114e+04    2.73157966e+02    9.99806320e+02    9.16712748e+02    1.99335255e+01    -3.33419943e+05    -2.95655964e-02    -1.22071473e+03
    2.92194894e+04    2.73157875e+02    9.99806932e+02    9.16712893e+02    2.07908491e+01    -3.33418864e+05    -3.08776198e-02    -1.22071564e+03
    3.04877236e+04    2.73157781e+02    9.99807571e+02    9.16713043e+02    2.16853802e+01    -3.33417739e+05    -3.22465998e-02    -1.22071658e+03
    3.18110039e+04    2.73157683e+02    9.99808238e+02    9.16713201e+02    2.26187334e+01    -3.33416564e+05    -3.36750101e-02    -1.22071757e+03
    3.31917195e+04    2.73157580e+02    9.99808934e+02    9.16713365e+02    2.35925936e+01    -3.33415339e+05    -3.51654305e-02    -1.22071859e+03
    3.46323632e+04    2.73157473e+02    9.99809659e+02    9.16713536e+02    2.46087186e+01    -3.33414061e+05    -3.67205537e-02    -1.22071967e+03
    3.61355363e+04    2.73157362e+02    9.99810417e+02    9.16713715e+02    2.56689422e+01    -3.33412727e+05    -3.83431895e-02    -1.22072079e+03
    3.77039526e+04    2.73157245e+02    9.99811207e+02    9.16713901e+02    2.67751781e+01    -3.33411335e+05    -4.00362693e-02    -1.22072195e+03
    3.93404440e+04    2.73157124e+02    9.99812031e+02    9.16714096e+02    2.79294232e+01    -3.33409882e+05    -4.18028519e-02    -1.22072317e+03
    4.10479652e+04    2.73156997e+02    9.99812891e+02    9.16714299e+02    2.91337605e+01    -3.33408367e+05    -4.36461292e-02    -1.22072444e+03
    4.28295992e+04    2.73156865e+02    9.99813789e+02    9.16714510e+02    3.03903637e+01    -3.33406786e+05    -4.55694317e-02    -1.22072577e+03
    4.46885627e+04    2.73156726e+02    9.99814725e+02    9.16714731e+02    3.17015006e+01    -3.33405136e+05    -4.75762345e-02    -1.22072715e+03
    4.66282121e+04    2.73156582e+02    9.99815703e+02    9.16714962e+02    3.30695378e+01    -3.33403414e+05    -4.96701639e-02    -1.22072860e+03
    4.86520494e+04    2.73156432e+02    9.99816722e+02    9.16715203e+02    3.44969441e+01    -3.33401618e+05    -5.18550034e-02    -1.22073010e+03
    5.07637289e+04    2.73156275e+02    9.99817786e+02    9.16715454e+02    3.59862955e+01    -3.33399744e+05    -5.41347014e-02    -1.22073168e+03
    5.29670630e+04    2.73156112e+02    9.99818896e+02    9.16715715e+02    3.75402799e+01    -3.33397789e+05    -5.65133774e-02    -1.22073332e+03
    5.52660300e+04    2.73155941e+02    9.99820054e+02    9.16715989e+02    3.91617016e+01    -3.33395749e+05    -5.89953301e-02    -1.22073503e+03
    5.76647807e+04    2.73155763e+02    9.99821262e+02    9.16716274e+02    4.08534868e+01    -3.33393620e+05    -6.15850453e-02    -1.22073681e+03
    6.01676461e+04    2.73155577e+02    9.99822523e+02    9.16716571e+02    4.26186882e+01    -3.33391399e+05    -6.42872034e-02    -1.22073868e+03
    6.27791452e+04    2.73155383e+02    9.99823839e+02    9.16716882e+02    4.44604913e+01    -3.33389081e+05    -6.71066884e-02    -1.22074062e+03
    6.55039930e+04    2.73155180e+02    9.99825212e+02    9.16717206e+02    4.63822196e+01    -3.33386663e+05    -7.00485964e-02    -1.22074265e+03
    6.83471092e+04    2.73154969e+02    9.99826644e+02    9.16717544e+02    4.83873408e+01    -3.33384139e+05    -7.31182452e-02    -1.22074477e+03
    7.13136273e+04    2.73154749e+02    9.99828138e+02    9.16717896e+02    5.04794727e+01    -3.33381507e+05    -7.63211840e-02    -1.22074698e+03
    7.44089033e+04    2.73154519e+02    9.99829697e+02    9.16718264e+02    5.26623904e+01    -3.33378760e+05    -7.96632027e-02    -1.22074928e+03
    7.76385257e+04    2.73154279e+02    9.99831324e+02    9.16718648e+02    5.49400324e+01    -3.33375894e+05    -8.31503436e-02    -1.22075169e+03
    8.10083257e+04    2.73154029e+02    9.99833022e+02    9.16719048e+02    5.73165083e+01    -3.33372903e+05    -8.67889111e-02    -1.22075420e+03
    8.45243876e+04    2.73153767e+02    9.99834793e+02    9.16719466e+02    5.97961054e+01    -3.33369783e+05    -9.05854843e-02    -1.22075681e+03
    8.81930596e+04    2.73153495e+02    9.99836641e+02    9.16719902e+02    6.23832975e+01    -3.33366527e+05    -9.45469280e-02    -1.22075955e+03
    9.20209655e+04    2.73153210e+02    9.99838569e+02    9.16720357e+02    6.50827519e+01    -3.33363130e+05    -9.86804056e-02    -1.22076240e+03
    9.60150168e+04    2.73152914e+02    9.99840581e+02    9.16720832e+02    6.78993384e+01    -3.33359585e+05    -1.02993392e-01    -1.22076537e+03
    1.00182425e+05    2.73152604e+02    9.99842681e+02    9.16721328e+02    7.08381381e+01    -3.33355887e+05    -1.07493689e-01    -1.22076847e+03
    1.04530714e+05    2.73152281e+02    9.99844871e+02    9.16721844e+02    7.39044519e+01    -3.33352028e+05    -1.12189435e-01    -1.22077171e+03
    1.09067734e+05    2.73151944e+02    9.99847156e+02    9.16722384e+02    7.71038111e+01    -3.33348002e+05    -1.17089123e-01    -1.22077509e+03
    1.13801679e+05    2.73151592e+02    9.99849541e+02    9.16722946e+02    8.04419863e+01    -3.33343801e+05    -1.22201619e-01    -1.22077861e+03
    1.18741094e+05    2.73151225e+02    9.99852029e+02    9.16723533e+02    8.39249983e+01    -3.33339417e+05    -1.27536169e-01    -1.22078229e+03
    1.23894897e+05    2.73150842e+02    9.99854625e+02    9.16724146e+02    8.75591291e+01    -3.33334844e+05    -1.33102428e-01    -1.22078613e+03
    1.29272396e+05    2.73150443e+02    9.99857334e+02    9.16724785e+02    9.13509327e+01    -3.33330072e+05    -1.38910465e-01    -1.22079013e+03
    1.34883297e+05    2.73150026e+02    9.99860160e+02    9.16725452e+02    9.53072471e+01    -3.33325092e+05    -1.44970792e-01    -1.22079431e+03
    1.40737733e+05    2.73149591e+02    9.99863109e+02    9.16726148e+02    9.94352068e+01    -3.33319897e+05    -1.51294377e-01    -1.22079867e+03
    1.46846272e+05    2.73149137e+02    9.99866186e+02    9.16726874e+02    1.03742255e+02    -3.33314476e+05    -1.57892665e-01    -1.22080322e+03
    1.53219945e+05    2.73148663e+02    9.99869396e+02    9.16727632e+02    1.08236159e+02    -3.33308820e+05    -1.64777600e-01    -1.22080797e+03
    1.59870259e+05    2.73148169e+02    9.99872746e+02    9.16728422e+02    1.12925019e+02    -3.33302919e+05    -1.71961646e-01    -1.22081292e+03
    1.66809222e+05    2.73147654e+02    9.99876241e+02    9.16729247e+02    1.17817291e+02    -3.33296761e+05    -1.79457812e-01    -1.22081809e+03
    1.74049361e+05    2.73147115e+02    9.99879888e+02    9.16730108e+02    1.22921792e+02    -3.33290336e+05    -1.87279670e-01    -1.22082348e+03
    1.81603748e+05    2.73146554e+02    9.99883693e+02    9.16731005e+02    1.28247726e+02    -3.33283632e+05    -1.95441388e-01    -1.22082911e+03
    1.89486025e+05    2.73145968e+02    9.99887663e+02    9.16731942e+02    1.33804692e+02    -3.33276638e+05    -2.03957747e-01    -1.22083498e+03
    1.97710421e+05    2.73145357e+02    9.99891805e+02    9.16732920e+02    1.39602706e+02    -3.33269339e+05    -2.12844175e-01    -1.22084111e+03
    2.06291787e+05    2.73144719e+02    9.99896127e+02    9.16733940e+02    1.45652217e+02    -3.33261725e+05    -2.22116774e-01    -1.22084750e+03
    2.15245616e+05    2.73144054e+02    9.99900636e+02    9.16735004e+02    1.51964128e+02    -3.33253779e+05    -2.31792345e-01    -1.22085417e+03
    2.24588074e+05    2.73143359e+02    9.99905342e+02    9.16736115e+02    1.58549812e+02    -3.33245489e+05    -2.41888424e-01    -1.22086113e+03
    2.34336029e+05    2.73142635e+02    9.99910251e+02    9.16737273e+02    1.65421136e+02    -3.33236839e+05    -2.52423311e-01    -1.22086839e+03
    2.44507082e+05    2.73141879e+02    9.99915374e+02    9.16738482e+02    1.72590479e+02    -3.33227814e+05    -2.63416106e-01    -1.22087596e+03
    2.55119597e+05    2.73141090e+02    9.99920718e+02    9.16739743e+02    1.80070757e+02    -3.33218397e+05    -2.74886741e-01    -1.22088387e+03
    2.66192734e+05    2.73140266e+02    9.99926295e+02    9.16741060e+02    1.87875444e+02    -3.33208571e+05    -2.86856020e-01    -1.22089212e+03
    2.77746486e+05    2.73139407e+02    9.99932113e+02    9.16742433e+02    1.96018598e+02    -3.33198319e+05    -2.99345654e-01    -1.22090073e+03
    2.89801714e+05    2.73138511e+02    9.99938184e+02    9.16743866e+02    2.04514883e+02    -3.33187622e+05    -3.12378305e-01    -1.22090971e+03
    3.02380183e+05    2.73137576e+02    9.99944518e+02    9.16745361e+02    2.13379599e+02    -3.33176461e+05    -3.25977621e-01    -1.22091908e+03
    3.15504605e+05    2.73136600e+02    9.99951128e+02    9.16746921e+02    2.22628708e+02    -3.33164816e+05    -3.40168287e-01    -1.22092886e+03
    3.29198675e+05    2.73135582e+02    9.99958023e+02    9.16748548e+02    2.32278862e+02    -3.33152665e+05    -3.54976067e-01    -1.22093906e+03
    3.43487119e+05    2.73134519e+02    9.99965218e+02    9.16750247e+02    2.42347430e+02    -3.33139987e+05    -3.70427851e-01    -1.22094971e+03
    3.58395734e+05    2.73133410e+02    9.99972726e+02    9.16752019e+02    2.52852535e+02    -3.33126759e+05    -3.86551705e-01    -1.22096082e+03
    3.73951438e+05    2.73132253e+02    9.99980558e+02    9.16753867e+02    2.63813083e+02    -3.33112957e+05    -4.03376925e-01    -1.22097241e+03
    3.90182318e+05    2.73131046e+02    9.99988731e+02    9.16755797e+02    2.75248795e+02    -3.33098556e+05    -4.20934087e-01    -1.22098451e+03
    4.07117678e+05    2.73129786e+02    9.99997258e+02    9.16757809e+02    2.87180246e+02    -3.33083531e+05    -4.39255109e-01    -1.22099713e+03
    4.24788095e+05    2.73128471e+02    1.00000616e+03    9.16759910e+02    2.99628897e+02    -3.33067853e+05    -4.58373306e-01    -1.22101030e+03
    4.43225474e+05    2.73127100e+02    1.00001544e+03    9.16762101e+02    3.12617137e+02    -3.33051495e+05    -4.78323452e-01    -1.22102404e+03
    4.62463104e+05    2.73125668e+02    1.00002512e+03    9.16764387e+02    3.26168324e+02    -3.33034427e+05    -4.99141848e-01    -1.22103838e+03
    4.82535718e+05    2.73124175e+02    1.00003523e+03    9.16766773e+02    3.40306819e+02    -3.33016619e+05    -5.20866388e-01    -1.22105334e+03
    5.03479558e+05    2.73122616e+02    1.00004577e+03    9.16769262e+02    3.55058039e+02    -3.32998038e+05    -5.43536626e-01    -1.22106896e+03
    5.25332439e+05    2.73120990e+02    1.00005677e+03    9.16771860e+02    3.70448494e+02    -3.32978650e+05    -5.67193855e-01    -1.22108525e+03
    5.48133816e+05    2.73119293e+02    1.00006825e+03    9.16774570e+02    3.86505839e+02    -3.32958422e+05    -5.91881181e-01    -1.22110225e+03
    5.71924856e+05    2.73117522e+02    1.00008023e+03    9.16777397e+02    4.03258921e+02    -3.32937316e+05    -6.17643607e-01    -1.22111999e+03
    5.96748517e+05    2.73115674e+02    1.00009272e+03    9.16780347e+02    4.20737831e+02    -3.32915295e+05    -6.44528112e-01    -1.22113850e+03
    6.22649616e+05    2.73113745e+02    1.00010576e+03    9.16783426e+02    4.38973954e+02    -3.32892318e+05    -6.72583744e-01    -1.22115781e+03
    6.49674919e+05    2.73111733e+02    1.00011936e+03    9.16786638e+02    4.58000030e+02    -3.32868344e+05    -7.01861709e-01    -1.22117797e+03
    6.77873221e+05    2.73109633e+02    1.00013356e+03    9.16789989e+02    4.77850207e+02    -3.32843330e+05    -7.32415472e-01    -1.22119900e+03
    7.07295433e+05    2.73107441e+02    1.00014836e+03    9.16793486e+02    4.98560104e+02    -3.32817231e+05    -7.64300850e-01    -1.22122095e+03
    7.37994679e+05    2.73105155e+02    1.00016381e+03    9.16797134e+02    5.20166871e+02    -3.32790000e+05    -7.97576126e-01    -1.22124385e+03
    7.70026385e+05    2.73102768e+02    1.00017993e+03    9.16800941e+02    5.42709257e+02    -3.32761588e+05    -8.32302154e-01    -1.22126774e+03
    8.03448387e+05    2.73100278e+02    1.00019675e+03    9.16804913e+02    5.66227678e+02    -3.32731943e+05    -8.68542476e-01    -1.22129268e+03
    8.38321028e+05    2.73097679e+02    1.00021430e+03    9.16809057e+02    5.90764285e+02    -3.32701013e+05    -9.06363444e-01    -1.22131870e+03
    8.74707270e+05    2.73094967e+02    1.00023261e+03    9.16813381e+02    6.16363041e+02    -3.32668740e+05    -9.45834343e-01    -1.22134585e+03
    9.12672810e+05    2.73092137e+02    1.00025171e+03    9.16817893e+02    6.43069797e+02    -3.32635068e+05    -9.87027527e-01    -1.22137419e+03
    9.52286196e+05    2.73089184e+02    1.00027164e+03    9.16822601e+02    6.70932371e+02    -3.32599936e+05    -1.03001856e+00    -1.22140376e+03
    9.93618949e+05    2.73086101e+02    1.00029243e+03    9.16827513e+02    7.00000633e+02    -3.32563279e+05    -1.07488634e+00    -1.22143461e+03
    1.03674570e+06    2.73082885e+02    1.00031413e+03    9.16832638e+02    7.30326590e+02    -3.32525033e+05    -1.12171330e+00    -1.22146681e+03
    1.08174431e+06    2.73079528e+02    1.00033676e+03    9.16837986e+02    7.61964480e+02    -3.32485128e+05    -1.17058550e+00    -1.22150041e+03
    1.12869602e+06    2.73076025e+02    1.00036038e+03    9.16843565e+02    7.94970863e+02    -3.32443493e+05    -1.22159284e+00    -1.22153547e+03
    1.17768562e+06    2.73072369e+02    1.00038502e+03    9.16849387e+02    8.29404719e+02    -3.32400052e+05    -1.27482924e+00    -1.22157206e+03
    1.22880154e+06    2.73068554e+02    1.00041073e+03    9.16855461e+02    8.65327552e+02    -3.32354727e+05    -1.33039279e+00    -1.22161025e+03
    1.28213609e+06    2.73064572e+02    1.00043755e+03    9.16861799e+02    9.02803495e+02    -3.32307437e+05    -1.38838594e+00    -1.22165009e+03
    1.33778555e+06    2.73060416e+02    1.00046553e+03    9.16868412e+02    9.41899422e+02    -3.32258096e+05    -1.44891574e+00    -1.22169168e+03
    1.39585040e+06    2.73056079e+02    1.00049472e+03    9.16875311e+02    9.82685061e+02    -3.32206616e+05    -1.51209402e+00    -1.22173507e+03
    1.45643549e+06    2.73051552e+02    1.00052518e+03    9.16882510e+02    1.02523311e+03    -3.32152904e+05    -1.57803763e+00    -1.22178036e+03
    1.51965019e+06    2.73046828e+02    1.00055696e+03    9.16890022e+02    1.06961939e+03    -3.32096864e+05    -1.64686862e+00    -1.22182762e+03
    1.58560865e+06    2.73041897e+02    1.00059011e+03    9.16897859e+02    1.11592291e+03    -3.32038393e+05    -1.71871455e+00    -1.22187694e+03
    1.65442995e+06    2.73036751e+02    1.00062470e+03    9.16906037e+02    1.16422607e+03    -3.31977388e+05    -1.79370872e+00    -1.22192841e+03
    1.72623834e+06    2.73031380e+02    1.00066079e+03    9.16914569e+02    1.21461477e+03    -3.31913739e+05    -1.87199040e+00    -1.22198212e+03
    1.80116349e+06    2.73025774e+02    1.00069844e+03    9.16923471e+02    1.26717857e+03    -3.31847330e+05    -1.95370517e+00    -1.22203818e+03
    1.87934067e+06    2.73019923e+02    1.00073772e+03    9.16932760e+02    1.32201081e+03    -3.31778044e+05    -2.03900515e+00    -1.22209669e+03
    1.96091102e+06    2.73013816e+02    1.00077870e+03    9.16942452e+02    1.37920879e+03    -3.31705754e+05    -2.12804937e+00    -1.22215774e+03
    2.04602184e+06    2.73007442e+02    1.00082145e+03    9.16952564e+02    1.43887395e+03    -3.31630331e+05    -2.22100405e+00    -1.22222147e+03
    2.13482677e+06    2.73000788e+02    1.00086605e+03    9.16963115e+02    1.50111200e+03    -3.31551640e+05    -2.31804294e+00    -1.22228797e+03
    2.22748618e+06    2.72993843e+02    1.00091258e+03    9.16974123e+02    1.56603314e+03    -3.31469540e+05    -2.41934772e+00    -1.22235738e+03
    2.32416734e+06    2.72986594e+02    1.00096113e+03    9.16985609e+02    1.63375221e+03    -3.31383881e+05    -2.52510830e+00    -1.22242983e+03
    2.42504482e+06    2.72979027e+02    1.00101177e+03    9.16997594e+02    1.70438889e+03    -3.31294512e+05    -2.63552328e+00    -1.22250543e+03
    2.53030076e+06    2.72971127e+02    1.00106461e+03    9.17010098e+02    1.77806790e+03    -3.31201270e+05    -2.75080035e+00    -1.22258435e+03
    2.64012520e+06    2.72962882e+02    1.00111973e+03    9.17023144e+02    1.85491921e+03    -3.31103990e+05    -2.87115669e+00    -1.22266671e+03
    2.75471643e+06    2.72954274e+02    1.00117723e+03    9.17036757e+02    1.93507825e+03    -3.31002496e+05    -2.99681947e+00    -1.22275268e+03
    2.87428134e+06    2.72945289e+02    1.00123722e+03    9.17050960e+02    2.01868613e+03    -3.30896606e+05    -3.12802628e+00    -1.22284240e+03
    2.99903582e+06    2.72935908e+02    1.00129980e+03    9.17065779e+02    2.10588984e+03    -3.30786130e+05    -3.26502569e+00    -1.22293606e+03
    3.12920510e+06    2.72926115e+02    1.00136508e+03    9.17081241e+02    2.19684256e+03    -3.30670870e+05    -3.40807777e+00    -1.22303381e+03
    3.26502420e+06    2.72915892e+02    1.00143319e+03    9.17097373e+02    2.29170383e+03    -3.30550620e+05    -3.55745460e+00    -1.22313584e+03
    3.40673837e+06    2.72905218e+02    1.00150423e+03    9.17114205e+02    2.39063985e+03    -3.30425163e+05    -3.71344094e+00    -1.22324235e+03
    3.55460345e+06    2.72894075e+02    1.00157835e+03    9.17131767e+02    2.49382371e+03    -3.30294275e+05    -3.87633477e+00    -1.22335352e+03
    3.70888643e+06    2.72882440e+02    1.00165566e+03    9.17150091e+02    2.60143570e+03    -3.30157722e+05    -4.04644801e+00    -1.22346957e+03
    3.86986586e+06    2.72870293e+02    1.00173631e+03    9.17169209e+02    2.71366359e+03    -3.30015259e+05    -4.22410718e+00    -1.22359071e+03
    4.03783239e+06    2.72857609e+02    1.00182044e+03    9.17189156e+02    2.83070287e+03    -3.29866630e+05    -4.40965412e+00    -1.22371717e+03
    4.21308929e+06    2.72844366e+02    1.00190820e+03    9.17209968e+02    2.95275714e+03    -3.29711571e+05    -4.60344677e+00    -1.22384918e+03
    4.39595300e+06    2.72830537e+02    1.00199975e+03    9.17231683e+02    3.08003832e+03    -3.29549803e+05    -4.80585998e+00    -1.22398699e+03
    4.58675366e+06    2.72816097e+02    1.00209524e+03    9.17254339e+02    3.21276707e+03    -3.29381038e+05    -5.01728637e+00    -1.22413085e+03
    4.78583579e+06    2.72801018e+02    1.00219485e+03    9.17277977e+02    3.35117307e+03    -3.29204973e+05    -5.23813720e+00    -1.22428105e+03
    4.99355882e+06    2.72785271e+02    1.00229876e+03    9.17302640e+02    3.49549537e+03    -3.29021295e+05    -5.46884337e+00    -1.22443785e+03
    5.21029779e+06    2.72768826e+02    1.00240714e+03    9.17328373e+02    3.64598275e+03    -3.28829674e+05    -5.70985637e+00    -1.22460155e+03
    5.43644404e+06    2.72751652e+02    1.00252018e+03    9.17355221e+02    3.80289410e+03    -3.28629770e+05    -5.96164939e+00    -1.22477247e+03
    5.67240588e+06    2.72733715e+02    1.00263809e+03    9.17383232e+02    3.96649877e+03    -3.28421226e+05    -6.22471843e+00    -1.22495092e+03
    5.91860934e+06    2.72714981e+02    1.00276108e+03    9.17412458e+02    4.13707699e+03    -3.28203669e+05    -6.49958346e+00    -1.22513724e+03
    6.17549894e+06    2.72695413e+02    1.00288936e+03    9.17442950e+02    4.31492023e+03    -3.27976712e+05    -6.78678970e+00    -1.22533179e+03
    6.44353850e+06    2.72674975e+02    1.00302316e+03    9.17474764e+02    4.50033164e+03    -3.27739951e+05    -7.08690898e+00    -1.22553493e+03
    6.72321198e+06    2.72653624e+02    1.00316271e+03    9.17507957e+02    4.69362650e+03    -3.27492964e+05    -7.40054108e+00    -1.22574705e+03
    7.01502432e+06    2.72631321e+02    1.00330825e+03    9.17542588e+02    4.89513245e+03    -3.27235312e+05    -7.72831570e+00    -1.22596855e+03
    7.31950240e+06    2.72608022e+02    1.00346005e+03    9.17578719e+02    5.10519048e+03    -3.26966536e+05    -8.07089229e+00    -1.22619986e+03
    7.63719595e+06    2.72583680e+02    1.00361836e+03    9.17616416e+02    5.32415467e+03    -3.26686160e+05    -8.42896433e+00    -1.22644141e+03
    7.96867859e+06    2.72558248e+02    1.00378347e+03    9.17655746e+02    5.55239308e+03    -3.26393686e+05    -8.80325935e+00    -1.22669368e+03
    8.31454880e+06    2.72531675e+02    1.00395566e+03    9.17696780e+02    5.79028816e+03    -3.26088594e+05    -9.19454128e+00    -1.22695715e+03
    8.67543106e+06    2.72503909e+02    1.00413524e+03    9.17739591e+02    6.03823722e+03    -3.25770344e+05    -9.60361240e+00    -1.22723231e+03
    9.05197695e+06    2.72474895e+02    1.00432250e+03    9.17784256e+02    6.29665289e+03    -3.25438372e+05    -1.00313155e+01    -1.22751972e+03
    9.44486633e+06    2.72444574e+02    1.00451779e+03    9.17830856e+02    6.56596367e+03    -3.25092090e+05    -1.04785361e+01    -1.22781992e+03
    9.85480856e+06    2.72412885e+02    1.00472144e+03    9.17879473e+02    6.84661444e+03    -3.24730886e+05    -1.09462048e+01    -1.22813349e+03
    1.02825438e+07    2.72379765e+02    1.00493380e+03    9.17930195e+02    7.13906694e+03    -3.24354122e+05    -1.14353000e+01    -1.22846106e+03
    1.07288444e+07    2.72345147e+02    1.00515523e+03    9.17983113e+02    7.44380032e+03    -3.23961132e+05    -1.19468503e+01    -1.22880324e+03
    1.11945160e+07    2.72308959e+02    1.00538613e+03    9.18038322e+02    7.76131169e+03    -3.23551224e+05    -1.24819375e+01    -1.22916073e+03
    1.16803995e+07    2.72271129e+02    1.00562689e+03    9.18095920e+02    8.09211661e+03    -3.23123676e+05    -1.30416999e+01    -1.22953422e+03
    1.21873722e+07    2.72231579e+02    1.00587792e+03    9.18156011e+02    8.43674968e+03    -3.22677734e+05    -1.36273351e+01    -1.22992445e+03
    1.27163494e+07    2.72190226e+02    1.00613965e+03    9.18218702e+02    8.79576503e+03    -3.22212614e+05    -1.42401036e+01    -1.23033219e+03
    1.32682861e+07    2.72146986e+02    1.00641254e+03    9.18284105e+02    9.16973691e+03    -3.21727501e+05    -1.48813328e+01    -1.23075825e+03
    1.38441789e+07    2.72101768e+02    1.00669704e+03    9.18352337e+02    9.55926017e+03    -3.21221543e+05    -1.55524204e+01    -1.23120348e+03
    1.44450676e+07    2.72054478e+02    1.00699364e+03    9.18423519e+02    9.96495087e+03    -3.20693853e+05    -1.62548389e+01    -1.23166878e+03
    1.50720372e+07    2.72005016e+02    1.00730285e+03    9.18497780e+02    1.03874465e+04    -3.20143510e+05    -1.69901408e+01    -1.23215507e+03
    1.57262195e+07    2.71953276e+02    1.00762518e+03    9.18575252e+02    1.08274074e+04    -3.19569549e+05    -1.77599599e+01    -1.23266335e+03
    1.64087958e+07    2.71899150e+02    1.00796120e+03    9.18656072e+02    1.12855161e+04    -3.18970971e+05    -1.85660214e+01    -1.23319464e+03
    1.71209984e+07    2.71842521e+02    1.00831145e+03    9.18740385e+02    1.17624784e+04    -3.18346732e+05    -1.94101441e+01    -1.23375001e+03
    1.78641132e+07    2.71783266e+02    1.00867654e+03    9.18828341e+02    1.22590239e+04    -3.17695747e+05    -2.02942467e+01    -1.23433062e+03
    1.86394820e+07    2.71721258e+02    1.00905707e+03    9.18920096e+02    1.27759062e+04    -3.17016884e+05    -2.12203543e+01    -1.23493765e+03
    1.94485046e+07    2.71656360e+02    1.00945367e+03    9.19015814e+02    1.33139036e+04    -3.16308966e+05    -2.21906043e+01    -1.23557236e+03
    2.02926419e+07    2.71588430e+02    1.00986702e+03    9.19115665e+02    1.38738194e+04    -3.15570768e+05    -2.32072542e+01    -1.23623605e+03
    2.11734178e+07    2.71517318e+02    1.01029779e+03    9.19219826e+02    1.44564819e+04    -3.14801013e+05    -2.42726883e+01    -1.23693013e+03
    2.20924227e+07    2.71442865e+02    1.01074670e+03    9.19328482e+02    1.50627453e+04    -3.13998375e+05    -2.53894263e+01    -1.23765603e+03
    2.30513158e+07    2.71364904e+02    1.01121449e+03    9.19441825e+02    1.56934893e+04    -3.13161471e+05    -2.65601326e+01    -1.23841530e+03
    2.40518284e+07    2.71283258e+02    1.01170192e+03    9.19560057e+02    1.63496207e+04    -3.12288864e+05    -2.77876204e+01    -1.23920954e+03
    2.50957670e+07    2.71197741e+02    1.01220980e+03    9.19683386e+02    1.70320715e+04    -3.11379056e+05    -2.90748691e+01    -1.24004044e+03
    2.61850164e+07    2.71108156e+02    1.01273895e+03    9.19812030e+02    1.77418005e+04    -3.10430491e+05    -3.04250297e+01    -1.24090980e+03
    2.73215432e+07    2.71014297e+02    1.01329023e+03    9.19946218e+02    1.84797929e+04    -3.09441551e+05    -3.18414370e+01    -1.24181947e+03
    2.85073996e+07    2.70915942e+02    1.01386453e+03    9.20086184e+02    1.92470599e+04    -3.08410550e+05    -3.33276214e+01    -1.24277144e+03
    2.97447264e+07    2.70812861e+02    1.01446277e+03    9.20232176e+02    2.00446391e+04    -3.07335738e+05    -3.48873218e+01    -1.24376779e+03
    3.10357579e+07    2.70704809e+02    1.01508591e+03    9.20384450e+02    2.08735934e+04    -3.06215293e+05    -3.65245007e+01    -1.24481071e+03
    3.23828249e+07    2.70591527e+02    1.01573494e+03    9.20543274e+02    2.17350127e+04    -3.05047321e+05    -3.82433515e+01    -1.24590251e+03
    3.37883597e+07    2.70472740e+02    1.01641089e+03    9.20708926e+02    2.26300104e+04    -3.03829853e+05    -4.00483249e+01    -1.24704562e+03
    3.52548998e+07    2.70348158e+02    1.01711482e+03    9.20881697e+02    2.35597247e+04    -3.02560844e+05    -4.19441381e+01    -1.24824261e+03
    3.67850933e+07    2.70217474e+02    1.01784784e+03    9.21061888e+02    2.45253174e+04    -3.01238167e+05    -4.39357940e+01    -1.24949620e+03
    3.83817028e+07    2.70080363e+02    1.01861108e+03    9.21249813e+02    2.55279724e+04    -2.99859614e+05    -4.60286031e+01    -1.25080923e+03
    4.00476110e+07    2.69936480e+02    1.01940572e+03    9.21445800e+02    2.65688971e+04    -2.98422887e+05    -4.82281936e+01    -1.25218472e+03
    4.17858259e+07    2.69785459e+02    1.02023299e+03    9.21650190e+02    2.76493171e+04    -2.96925604e+05    -5.05405470e+01    -1.25362586e+03
    4.35994858e+07    2.69626914e+02    1.02109414e+03    9.21863337e+02    2.87704778e+04    -2.95365288e+05    -5.29720118e+01    -1.25513601e+03
    4.54918652e+07    2.69460433e+02    1.02199048e+03    9.22085609e+02    2.99336409e+04    -2.93739370e+05    -5.55293326e+01    -1.25671872e+03
    4.74663809e+07    2.69285581e+02    1.02292335e+03    9.22317390e+02    3.11400855e+04    -2.92045179e+05    -5.82196660e+01    -1.25837775e+03
    4.95265979e+07    2.69101893e+02    1.02389415e+03    9.22559079e+02    3.23911024e+04    -2.90279947e+05    -6.10506233e+01    -1.26011707e+03
    5.16762360e+07    2.68908878e+02    1.02490430e+03    9.22811091e+02    3.36879936e+04    -2.88440798e+05    -6.40302899e+01    -1.26194089e+03
    5.39191763e+07    2.68706014e+02    1.02595529e+03    9.23073857e+02    3.50320692e+04    -2.86524753e+05    -6.71672618e+01    -1.26385363e+03
    5.62594686e+07    2.68492745e+02    1.02704864e+03    9.23347826e+02    3.64246478e+04    -2.84528718e+05    -7.04706661e+01    -1.26586002e+03
    5.87013382e+07    2.68268480e+02    1.02818592e+03    9.23633463e+02    3.78670475e+04    -2.82449487e+05    -7.39502176e+01    -1.26796502e+03
    6.12491941e+07    2.68032591e+02    1.02936873e+03    9.23931252e+02    3.93605902e+04    -2.80283735e+05    -7.76162299e+01    -1.27017392e+03
    6.39076363e+07    2.67784409e+02    1.03059875e+03    9.24241696e+02    4.09065923e+04    -2.78028017e+05    -8.14796761e+01    -1.27249230e+03
    6.66814648e+07    2.67523220e+02    1.03187768e+03    9.24565317e+02    4.25063637e+04    -2.75678764e+05    -8.55522200e+01    -1.27492610e+03
    6.95756877e+07    2.67248267e+02    1.03320726e+03    9.24902656e+02    4.41612081e+04    -2.73232278e+05    -8.98462456e+01    -1.27748160e+03
    7.25955306e+07    2.66958738e+02    1.03458929e+03    9.25254275e+02    4.58724128e+04    -2.70684731e+05    -9.43749264e+01    -1.28016547e+03
    7.57464460e+07    2.66653773e+02    1.03602561e+03    9.25620757e+02    4.76412540e+04    -2.68032159e+05    -9.91522379e+01    -1.28298479e+03
    7.90341227e+07    2.66332450e+02    1.03751809e+03    9.26002705e+02    4.94689861e+04    -2.65270461e+05    -1.04193035e+02    -1.28594708e+03
    8.24644968e+07    2.65993787e+02    1.03906865e+03    9.26400747e+02    5.13568489e+04    -2.62395393e+05    -1.09513060e+02    -1.28906033e+03
    8.60437619e+07    2.65636734e+02    1.04067925e+03    9.26815529e+02    5.33060572e+04    -2.59402567e+05    -1.15129023e+02    -1.29233303e+03
    8.97783804e+07    2.65260170e+02    1.04235187e+03    9.27247724e+02    5.53178101e+04    -2.56287447e+05    -1.21058610e+02    -1.29577421e+03
    9.36750951e+07    2.64862897e+02    1.04408853e+03    9.27698025e+02    5.73932897e+04    -2.53045344e+05    -1.27320530e+02    -1.29939348e+03
    9.77409417e+07    2.64443633e+02    1.04589127e+03    9.28167150e+02    5.95336624e+04    -2.49671415e+05    -1.33934563e+02    -1.30320107e+03
    1.01983261e+08    2.64001007e+02    1.04776215e+03    9.28655842e+02    6.17400947e+04    -2.46160659e+05    -1.40921548e+02    -1.30720785e+03
    1.06409713e+08    2.63533551e+02    1.04970323e+03    9.29164864e+02    6.40137611e+04    -2.42507911e+05    -1.48303411e+02    -1.31142543e+03
    1.11028289e+08    2.63039694e+02    1.05171658e+03    9.29695007e+02    6.63558639e+04    -2.38707844e+05    -1.56103148e+02    -1.31586618e+03
    1.15847329e+08    2.62517752e+02    1.05380426e+03    9.30247084e+02    6.87676599e+04    -2.34754960e+05    -1.64344788e+02    -1.32054327e+03
    1.20875533e+08    2.61965920e+02    1.05596832e+03    9.30821933e+02    7.12504971e+04    -2.30643590e+05    -1.73053324e+02    -1.32547076e+03
    1.26121979e+08    2.61382264e+02    1.05821072e+03    9.31420415e+02    7.38058637e+04    -2.26367889e+05    -1.82254593e+02    -1.33066365e+03
    1.31596141e+08    2.60764710e+02    1.06053342e+03    9.32043414e+02    7.64354556e+04    -2.21921831e+05    -1.91975100e+02    -1.33613795e+03
    1.37307902e+08    2.60111033e+02    1.06293825e+03    9.32691837e+02    7.91412651e+04    -2.17299204e+05    -2.02241761e+02    -1.34191074e+03
    1.43267574e+08    2.59418850e+02    1.06542692e+03    9.33366610e+02    8.19256986e+04    -2.12493606e+05    -2.13081532e+02    -1.34800026e+03
    1.49485918e+08    2.58685602e+02    1.06800102e+03    9.34068682e+02    8.47917308e+04    -2.07498432e+05    -2.24520909e+02    -1.35442597e+03
    1.55974162e+08    2.57908551e+02    1.07066189e+03    9.34799019e+02    8.77431163e+04    -2.02306869e+05    -2.36585200e+02    -1.36120860e+03
    1.62744019e+08    2.57084762e+02    1.07341064e+03    9.35558601e+02    9.07846447e+04    -1.96911881e+05    -2.49297625e+02    -1.36837030e+03
    1.69807713e+08    2.56211099e+02    1.07624802e+03    9.36348423e+02    9.39225055e+04    -1.91306186e+05    -2.62677980e+02    -1.37593459e+03
    1.77177998e+08    2.55284215e+02    1.07917437e+03    9.37169488e+02    9.71647414e+04    -1.85482238e+05    -2.76740940e+02    -1.38392646e+03
    1.84868180e+08    2.54300547e+02    1.08218948e+03    9.38022805e+02    1.00521843e+05    -1.79432189e+05    -2.91493783e+02    -1.39237242e+03
    1.92892145e+08    2.53256318e+02    1.08529249e+03    9.38909381e+02    1.04007544e+05    -1.73147836e+05    -3.06933266e+02    -1.40130039e+03
    2.01264379e+08    2.52147546e+02    1.08848166e+03    9.39830212e+02    1.07639837e+05    -1.66620562e+05    -3.23041580e+02    -1.41073969e+03
    2.10000000e+08    2.50970065e+02    1.09175420e+03    9.40786281e+02    1.11442298e+05    -1.59841238e+05    -3.39780941e+02    -1.42072079e+03
