# table for coexisting phases in IAPWS06
nbin_coex    300
temperature_coex_min    1.231600e+02
temperature_coex_max    2.731600e+02
# temperature (degK)    pressure (Pa)    mden_vap (kg / m^3)    mden_ice (kg / m^3)    enthalpy_vap (J / kg)    enthalpy_ice (J / kg)    entropy_vap (J / kg / degK)    entropy_ice (J / kg / degK)
    1.23160000e+02    9.03910916e-10    1.59025684e-14    9.32173693e+02    2.22364435e+06    -5.67630458e+05    2.02542779e+04    -2.40953173e+03
    1.23660000e+02    1.10246295e-09    1.93172848e-14    9.32150127e+02    2.22456900e+06    -5.67107839e+05    2.01701262e+04    -2.40529691e+03
    1.24160000e+02    1.34251793e-09    2.34287821e-14    9.32126348e+02    2.22549365e+06    -5.66583478e+05    2.00866694e+04    -2.40106512e+03
    1.24660000e+02    1.63230763e-09    2.83717557e-14    9.32102356e+02    2.22641830e+06    -5.66057376e+05    2.00038990e+04    -2.39683634e+03
    1.25160000e+02    1.98160794e-09    3.43054801e-14    9.32078150e+02    2.22734296e+06    -5.65529535e+05    1.99218068e+04    -2.39261057e+03
    1.25660000e+02    2.40201168e-09    4.14180246e-14    9.32053731e+02    2.22826762e+06    -5.64999959e+05    1.98403848e+04    -2.38838781e+03
    1.26160000e+02    2.90724668e-09    4.99311450e-14    9.32029097e+02    2.22919229e+06    -5.64468650e+05    1.97596249e+04    -2.38416806e+03
    1.26660000e+02    3.51354603e-09    6.01059527e-14    9.32004250e+02    2.23011695e+06    -5.63935609e+05    1.96795193e+04    -2.37995130e+03
    1.27160000e+02    4.24007848e-09    7.22494753e-14    9.31979188e+02    2.23104162e+06    -5.63400840e+05    1.96000603e+04    -2.37573753e+03
    1.27660000e+02    5.10944808e-09    8.67222366e-14    9.31953912e+02    2.23196630e+06    -5.62864344e+05    1.95212402e+04    -2.37152674e+03
    1.28160000e+02    6.14827407e-09    1.03947019e-13    9.31928421e+02    2.23289097e+06    -5.62326123e+05    1.94430516e+04    -2.36731893e+03
    1.28660000e+02    7.38786073e-09    1.24418933e-13    9.31902715e+02    2.23381566e+06    -5.61786180e+05    1.93654870e+04    -2.36311410e+03
    1.29160000e+02    8.86497426e-09    1.48717051e-13    9.31876794e+02    2.23474034e+06    -5.61244517e+05    1.92885393e+04    -2.35891222e+03
    1.29660000e+02    1.06227384e-08    1.77517752e-13    9.31850659e+02    2.23566503e+06    -5.60701135e+05    1.92122013e+04    -2.35471331e+03
    1.30160000e+02    1.27116680e-08    2.11610065e-13    9.31824307e+02    2.23658972e+06    -5.60156037e+05    1.91364659e+04    -2.35051734e+03
    1.30660000e+02    1.51908601e-08    2.51913262e-13    9.31797741e+02    2.23751441e+06    -5.59609224e+05    1.90613262e+04    -2.34632430e+03
    1.31160000e+02    1.81293642e-08    2.99497007e-13    9.31770959e+02    2.23843911e+06    -5.59060698e+05    1.89867755e+04    -2.34213420e+03
    1.31660000e+02    2.16077571e-08    3.55604427e-13    9.31743961e+02    2.23936381e+06    -5.58510461e+05    1.89128069e+04    -2.33794703e+03
    1.32160000e+02    2.57199504e-08    4.21678460e-13    9.31716748e+02    2.24028851e+06    -5.57958514e+05    1.88394138e+04    -2.33376276e+03
    1.32660000e+02    3.05752637e-08    4.99391952e-13    9.31689320e+02    2.24121322e+06    -5.57404860e+05    1.87665898e+04    -2.32958139e+03
    1.33160000e+02    3.63007981e-08    5.90681959e-13    9.31661675e+02    2.24213793e+06    -5.56849499e+05    1.86943284e+04    -2.32540292e+03
    1.33660000e+02    4.30441512e-08    6.97788827e-13    9.31633815e+02    2.24306265e+06    -5.56292434e+05    1.86226232e+04    -2.32122733e+03
    1.34160000e+02    5.09765197e-08    8.23300639e-13    9.31605739e+02    2.24398736e+06    -5.55733665e+05    1.85514682e+04    -2.31705461e+03
    1.34660000e+02    6.02962402e-08    9.70203735e-13    9.31577447e+02    2.24491209e+06    -5.55173195e+05    1.84808570e+04    -2.31288475e+03
    1.35160000e+02    7.12328248e-08    1.14194005e-12    9.31548940e+02    2.24583681e+06    -5.54611023e+05    1.84107838e+04    -2.30871774e+03
    1.35660000e+02    8.40515586e-08    1.34247213e-12    9.31520217e+02    2.24676154e+06    -5.54047153e+05    1.83412424e+04    -2.30455357e+03
    1.36160000e+02    9.90587270e-08    1.57635678e-12    9.31491278e+02    2.24768628e+06    -5.53481584e+05    1.82722271e+04    -2.30039222e+03
    1.36660000e+02    1.16607557e-07    1.84882839e-12    9.31462123e+02    2.24861101e+06    -5.52914319e+05    1.82037321e+04    -2.29623369e+03
    1.37160000e+02    1.37104962e-07    2.16589309e-12    9.31432753e+02    2.24953575e+06    -5.52345358e+05    1.81357516e+04    -2.29207796e+03
    1.37660000e+02    1.61019184e-07    2.53443510e-12    9.31403167e+02    2.25046050e+06    -5.51774703e+05    1.80682801e+04    -2.28792502e+03
    1.38160000e+02    1.88888457e-07    2.96233667e-12    9.31373366e+02    2.25138525e+06    -5.51202354e+05    1.80013119e+04    -2.28377486e+03
    1.38660000e+02    2.21330808e-07    3.45861318e-12    9.31343349e+02    2.25231000e+06    -5.50628312e+05    1.79348418e+04    -2.27962746e+03
    1.39160000e+02    2.59055127e-07    4.03356529e-12    9.31313117e+02    2.25323476e+06    -5.50052579e+05    1.78688642e+04    -2.27548281e+03
    1.39660000e+02    3.02873684e-07    4.69894997e-12    9.31282669e+02    2.25415952e+06    -5.49475155e+05    1.78033739e+04    -2.27134090e+03
    1.40160000e+02    3.53716230e-07    5.46817265e-12    9.31252007e+02    2.25508428e+06    -5.48896042e+05    1.77383656e+04    -2.26720171e+03
    1.40660000e+02    4.12645900e-07    6.35650275e-12    9.31221129e+02    2.25600905e+06    -5.48315239e+05    1.76738342e+04    -2.26306523e+03
    1.41160000e+02    4.80877138e-07    7.38131600e-12    9.31190037e+02    2.25693382e+06    -5.47732748e+05    1.76097747e+04    -2.25893145e+03
    1.41660000e+02    5.59795794e-07    8.56236450e-12    9.31158730e+02    2.25785860e+06    -5.47148570e+05    1.75461820e+04    -2.25480035e+03
    1.42160000e+02    6.50981785e-07    9.92208035e-12    9.31127208e+02    2.25878338e+06    -5.46562705e+05    1.74830512e+04    -2.25067192e+03
    1.42660000e+02    7.56234496e-07    1.14859146e-11    9.31095472e+02    2.25970817e+06    -5.45975153e+05    1.74203774e+04    -2.24654615e+03
    1.43160000e+02    8.77601233e-07    1.32827150e-11    9.31063522e+02    2.26063296e+06    -5.45385916e+05    1.73581558e+04    -2.24242302e+03
    1.43660000e+02    1.01740921e-06    1.53451495e-11    9.31031357e+02    2.26155775e+06    -5.44794994e+05    1.72963817e+04    -2.23830251e+03
    1.44160000e+02    1.17830127e-06    1.77101766e-11    9.30998979e+02    2.26248255e+06    -5.44202387e+05    1.72350504e+04    -2.23418461e+03
    1.44660000e+02    1.36327584e-06    2.04195702e-11    9.30966386e+02    2.26340735e+06    -5.43608097e+05    1.71741574e+04    -2.23006931e+03
    1.45160000e+02    1.57573163e-06    2.35205033e-11    9.30933581e+02    2.26433216e+06    -5.43012122e+05    1.71136981e+04    -2.22595658e+03
    1.45660000e+02    1.81951758e-06    2.70661988e-11    9.30900562e+02    2.26525697e+06    -5.42414464e+05    1.70536679e+04    -2.22184643e+03
    1.46160000e+02    2.09898838e-06    3.11166487e-11    9.30867330e+02    2.26618178e+06    -5.41815124e+05    1.69940626e+04    -2.21773882e+03
    1.46660000e+02    2.41906660e-06    3.57394168e-11    9.30833885e+02    2.26710660e+06    -5.41214100e+05    1.69348777e+04    -2.21363375e+03
    1.47160000e+02    2.78531173e-06    4.10105266e-11    9.30800227e+02    2.26803143e+06    -5.40611395e+05    1.68761090e+04    -2.20953120e+03
    1.47660000e+02    3.20399703e-06    4.70154458e-11    9.30766357e+02    2.26895625e+06    -5.40007007e+05    1.68177522e+04    -2.20543115e+03
    1.48160000e+02    3.68219502e-06    5.38501768e-11    9.30732275e+02    2.26988109e+06    -5.39400937e+05    1.67598031e+04    -2.20133359e+03
    1.48660000e+02    4.22787232e-06    6.16224628e-11    9.30697981e+02    2.27080593e+06    -5.38793186e+05    1.67022577e+04    -2.19723851e+03
    1.49160000e+02    4.84999506e-06    7.04531214e-11    9.30663476e+02    2.27173077e+06    -5.38183752e+05    1.66451118e+04    -2.19314588e+03
    1.49660000e+02    5.55864571e-06    8.04775175e-11    9.30628759e+02    2.27265561e+06    -5.37572638e+05    1.65883614e+04    -2.18905569e+03
    1.50160000e+02    6.36515250e-06    9.18471894e-11    9.30593831e+02    2.27358047e+06    -5.36959841e+05    1.65320026e+04    -2.18496793e+03
    1.50660000e+02    7.28223277e-06    1.04731642e-10    9.30558693e+02    2.27450532e+06    -5.36345364e+05    1.64760315e+04    -2.18088258e+03
    1.51160000e+02    8.32415161e-06    1.19320322e-10    9.30523344e+02    2.27543018e+06    -5.35729205e+05    1.64204442e+04    -2.17679962e+03
    1.51660000e+02    9.50689710e-06    1.35824795e-10    9.30487785e+02    2.27635505e+06    -5.35111364e+05    1.63652369e+04    -2.17271904e+03
    1.52160000e+02    1.08483740e-05    1.54481140e-10    9.30452016e+02    2.27727992e+06    -5.34491842e+05    1.63104059e+04    -2.16864082e+03
    1.52660000e+02    1.23686175e-05    1.75552581e-10    9.30416037e+02    2.27820479e+06    -5.33870638e+05    1.62559475e+04    -2.16456495e+03
    1.53160000e+02    1.40900291e-05    1.99332379e-10    9.30379849e+02    2.27912967e+06    -5.33247752e+05    1.62018579e+04    -2.16049140e+03
    1.53660000e+02    1.60376361e-05    2.26147006e-10    9.30343453e+02    2.28005456e+06    -5.32623185e+05    1.61481336e+04    -2.15642017e+03
    1.54160000e+02    1.82393781e-05    2.56359633e-10    9.30306848e+02    2.28097945e+06    -5.31996935e+05    1.60947711e+04    -2.15235124e+03
    1.54660000e+02    2.07264218e-05    2.90373945e-10    9.30270034e+02    2.28190434e+06    -5.31369003e+05    1.60417667e+04    -2.14828458e+03
    1.55160000e+02    2.35335074e-05    3.28638322e-10    9.30233013e+02    2.28282924e+06    -5.30739389e+05    1.59891172e+04    -2.14422019e+03
    1.55660000e+02    2.66993288e-05    3.71650426e-10    9.30195785e+02    2.28375415e+06    -5.30108092e+05    1.59368189e+04    -2.14015805e+03
    1.56160000e+02    3.02669518e-05    4.19962200e-10    9.30158349e+02    2.28467906e+06    -5.29475111e+05    1.58848686e+04    -2.13609814e+03
    1.56660000e+02    3.42842727e-05    4.74185354e-10    9.30120706e+02    2.28560397e+06    -5.28840448e+05    1.58332628e+04    -2.13204045e+03
    1.57160000e+02    3.88045208e-05    5.34997339e-10    9.30082857e+02    2.28652890e+06    -5.28204100e+05    1.57819984e+04    -2.12798496e+03
    1.57660000e+02    4.38868097e-05    6.03147882e-10    9.30044802e+02    2.28745382e+06    -5.27566069e+05    1.57310720e+04    -2.12393165e+03
    1.58160000e+02    4.95967406e-05    6.79466107e-10    9.30006541e+02    2.28837875e+06    -5.26926353e+05    1.56804805e+04    -2.11988050e+03
    1.58660000e+02    5.60070624e-05    7.64868302e-10    9.29968076e+02    2.28930369e+06    -5.26284952e+05    1.56302206e+04    -2.11583151e+03
    1.59160000e+02    6.31983942e-05    8.60366381e-10    9.29929405e+02    2.29022863e+06    -5.25641865e+05    1.55802893e+04    -2.11178465e+03
    1.59660000e+02    7.12600139e-05    9.67077093e-10    9.29890529e+02    2.29115358e+06    -5.24997093e+05    1.55306834e+04    -2.10773991e+03
    1.60160000e+02    8.02907200e-05    1.08623205e-09    9.29851450e+02    2.29207853e+06    -5.24350635e+05    1.54813999e+04    -2.10369727e+03
    1.60660000e+02    9.03997727e-05    1.21918861e-09    9.29812167e+02    2.29300349e+06    -5.23702490e+05    1.54324357e+04    -2.09965672e+03
    1.61160000e+02    1.01707919e-04    1.36744173e-09    9.29772680e+02    2.29392845e+06    -5.23052658e+05    1.53837879e+04    -2.09561824e+03
    1.61660000e+02    1.14348512e-04    1.53263685e-09    9.29732991e+02    2.29485342e+06    -5.22401139e+05    1.53354536e+04    -2.09158181e+03
    1.62160000e+02    1.28468727e-04    1.71658378e-09    9.29693099e+02    2.29577839e+06    -5.21747931e+05    1.52874299e+04    -2.08754742e+03
    1.62660000e+02    1.44230889e-04    1.92127191e-09    9.29653006e+02    2.29670337e+06    -5.21093034e+05    1.52397138e+04    -2.08351505e+03
    1.63160000e+02    1.61813916e-04    2.14888657e-09    9.29612710e+02    2.29762836e+06    -5.20436447e+05    1.51923025e+04    -2.07948469e+03
    1.63660000e+02    1.81414885e-04    2.40182683e-09    9.29572214e+02    2.29855335e+06    -5.19778171e+05    1.51451933e+04    -2.07545632e+03
    1.64160000e+02    2.03250738e-04    2.68272472e-09    9.29531516e+02    2.29947835e+06    -5.19118204e+05    1.50983833e+04    -2.07142992e+03
    1.64660000e+02    2.27560134e-04    2.99446604e-09    9.29490619e+02    2.30040335e+06    -5.18456546e+05    1.50518699e+04    -2.06740548e+03
    1.65160000e+02    2.54605453e-04    3.34021291e-09    9.29449521e+02    2.30132836e+06    -5.17793196e+05    1.50056504e+04    -2.06338298e+03
    1.65660000e+02    2.84674980e-04    3.72342805e-09    9.29408224e+02    2.30225337e+06    -5.17128154e+05    1.49597220e+04    -2.05936241e+03
    1.66160000e+02    3.18085264e-04    4.14790108e-09    9.29366728e+02    2.30317839e+06    -5.16461418e+05    1.49140821e+04    -2.05534375e+03
    1.66660000e+02    3.55183676e-04    4.61777689e-09    9.29325034e+02    2.30410342e+06    -5.15792988e+05    1.48687282e+04    -2.05132699e+03
    1.67160000e+02    3.96351181e-04    5.13758619e-09    9.29283141e+02    2.30502845e+06    -5.15122864e+05    1.48236577e+04    -2.04731210e+03
    1.67660000e+02    4.42005335e-04    5.71227855e-09    9.29241051e+02    2.30595349e+06    -5.14451045e+05    1.47788680e+04    -2.04329908e+03
    1.68160000e+02    4.92603526e-04    6.34725792e-09    9.29198764e+02    2.30687853e+06    -5.13777529e+05    1.47343566e+04    -2.03928791e+03
    1.68660000e+02    5.48646481e-04    7.04842092e-09    9.29156279e+02    2.30780359e+06    -5.13102317e+05    1.46901210e+04    -2.03527857e+03
    1.69160000e+02    6.10682049e-04    7.82219806e-09    9.29113599e+02    2.30872864e+06    -5.12425407e+05    1.46461588e+04    -2.03127106e+03
    1.69660000e+02    6.79309291e-04    8.67559806e-09    9.29070723e+02    2.30965371e+06    -5.11746799e+05    1.46024676e+04    -2.02726534e+03
    1.70160000e+02    7.55182888e-04    9.61625555e-09    9.29027651e+02    2.31057877e+06    -5.11066492e+05    1.45590450e+04    -2.02326141e+03
    1.70660000e+02    8.39017901e-04    1.06524823e-08    9.28984385e+02    2.31150385e+06    -5.10384485e+05    1.45158886e+04    -2.01925926e+03
    1.71160000e+02    9.31594900e-04    1.17933221e-08    9.28940924e+02    2.31242893e+06    -5.09700777e+05    1.44729960e+04    -2.01525886e+03
    1.71660000e+02    1.03376548e-03    1.30486102e-08    9.28897269e+02    2.31335402e+06    -5.09015368e+05    1.44303650e+04    -2.01126021e+03
    1.72160000e+02    1.14645824e-03    1.44290362e-08    9.28853421e+02    2.31427912e+06    -5.08328257e+05    1.43879933e+04    -2.00726329e+03
    1.72660000e+02    1.27068512e-03    1.59462126e-08    9.28809380e+02    2.31520422e+06    -5.07639443e+05    1.43458785e+04    -2.00326808e+03
    1.73160000e+02    1.40754838e-03    1.76127470e-08    9.28765147e+02    2.31612933e+06    -5.06948924e+05    1.43040186e+04    -1.99927456e+03
    1.73660000e+02    1.55824792e-03    1.94423208e-08    9.28720721e+02    2.31705444e+06    -5.06256702e+05    1.42624112e+04    -1.99528274e+03
    1.74160000e+02    1.72408930e-03    2.14497723e-08    9.28676104e+02    2.31797956e+06    -5.05562773e+05    1.42210543e+04    -1.99129258e+03
    1.74660000e+02    1.90649224e-03    2.36511866e-08    9.28631296e+02    2.31890469e+06    -5.04867139e+05    1.41799456e+04    -1.98730408e+03
    1.75160000e+02    2.10699981e-03    2.60639907e-08    9.28586298e+02    2.31982983e+06    -5.04169797e+05    1.41390830e+04    -1.98331721e+03
    1.75660000e+02    2.32728831e-03    2.87070565e-08    9.28541109e+02    2.32075497e+06    -5.03470746e+05    1.40984644e+04    -1.97933198e+03
    1.76160000e+02    2.56917776e-03    3.16008095e-08    9.28495731e+02    2.32168012e+06    -5.02769987e+05    1.40580877e+04    -1.97534836e+03
    1.76660000e+02    2.83464326e-03    3.47673464e-08    9.28450164e+02    2.32260527e+06    -5.02067519e+05    1.40179509e+04    -1.97136633e+03
    1.77160000e+02    3.12582711e-03    3.82305587e-08    9.28404408e+02    2.32353044e+06    -5.01363339e+05    1.39780519e+04    -1.96738589e+03
    1.77660000e+02    3.44505179e-03    4.20162670e-08    9.28358465e+02    2.32445561e+06    -5.00657448e+05    1.39383888e+04    -1.96340702e+03
    1.78160000e+02    3.79483385e-03    4.61523619e-08    9.28312333e+02    2.32538078e+06    -4.99949844e+05    1.38989595e+04    -1.95942971e+03
    1.78660000e+02    4.17789877e-03    5.06689562e-08    9.28266015e+02    2.32630597e+06    -4.99240527e+05    1.38597620e+04    -1.95545394e+03
    1.79160000e+02    4.59719686e-03    5.55985449e-08    9.28219510e+02    2.32723116e+06    -4.98529495e+05    1.38207945e+04    -1.95147970e+03
    1.79660000e+02    5.05592036e-03    6.09761797e-08    9.28172819e+02    2.32815636e+06    -4.97816749e+05    1.37820550e+04    -1.94750697e+03
    1.80160000e+02    5.55752139e-03    6.68396485e-08    9.28125942e+02    2.32908156e+06    -4.97102286e+05    1.37435415e+04    -1.94353575e+03
    1.80660000e+02    6.10573151e-03    7.32296721e-08    9.28078881e+02    2.33000677e+06    -4.96386106e+05    1.37052523e+04    -1.93956601e+03
    1.81160000e+02    6.70458234e-03    8.01901110e-08    9.28031635e+02    2.33093199e+06    -4.95668208e+05    1.36671854e+04    -1.93559775e+03
    1.81660000e+02    7.35842767e-03    8.77681853e-08    9.27984205e+02    2.33185722e+06    -4.94948592e+05    1.36293390e+04    -1.93163095e+03
    1.82160000e+02    8.07196700e-03    9.60147089e-08    9.27936591e+02    2.33278246e+06    -4.94227255e+05    1.35917114e+04    -1.92766561e+03
    1.82660000e+02    8.85027064e-03    1.04984338e-07    9.27888794e+02    2.33370770e+06    -4.93504198e+05    1.35543006e+04    -1.92370169e+03
    1.83160000e+02    9.69880648e-03    1.14735835e-07    9.27840815e+02    2.33463295e+06    -4.92779420e+05    1.35171049e+04    -1.91973921e+03
    1.83660000e+02    1.06234684e-02    1.25332350e-07    9.27792654e+02    2.33555821e+06    -4.92052918e+05    1.34801226e+04    -1.91577813e+03
    1.84160000e+02    1.16306069e-02    1.36841715e-07    9.27744311e+02    2.33648347e+06    -4.91324693e+05    1.34433518e+04    -1.91181845e+03
    1.84660000e+02    1.27270607e-02    1.49336762e-07    9.27695787e+02    2.33740875e+06    -4.90594744e+05    1.34067910e+04    -1.90786015e+03
    1.85160000e+02    1.39201920e-02    1.62895658e-07    9.27647083e+02    2.33833403e+06    -4.89863070e+05    1.33704384e+04    -1.90390323e+03
    1.85660000e+02    1.52179222e-02    1.77602255e-07    9.27598199e+02    2.33925932e+06    -4.89129669e+05    1.33342922e+04    -1.89994767e+03
    1.86160000e+02    1.66287710e-02    1.93546470e-07    9.27549135e+02    2.34018461e+06    -4.88394541e+05    1.32983509e+04    -1.89599345e+03
    1.86660000e+02    1.81618978e-02    2.10824680e-07    9.27499893e+02    2.34110992e+06    -4.87657684e+05    1.32626128e+04    -1.89204057e+03
    1.87160000e+02    1.98271452e-02    2.29540141e-07    9.27450472e+02    2.34203523e+06    -4.86919099e+05    1.32270762e+04    -1.88808901e+03
    1.87660000e+02    2.16350855e-02    2.49803437e-07    9.27400873e+02    2.34296055e+06    -4.86178784e+05    1.31917395e+04    -1.88413877e+03
    1.88160000e+02    2.35970701e-02    2.71732946e-07    9.27351096e+02    2.34388587e+06    -4.85436737e+05    1.31566012e+04    -1.88018982e+03
    1.88660000e+02    2.57252819e-02    2.95455340e-07    9.27301143e+02    2.34481121e+06    -4.84692959e+05    1.31216597e+04    -1.87624217e+03
    1.89160000e+02    2.80327904e-02    3.21106109e-07    9.27251014e+02    2.34573655e+06    -4.83947448e+05    1.30869133e+04    -1.87229578e+03
    1.89660000e+02    3.05336107e-02    3.48830119e-07    9.27200708e+02    2.34666190e+06    -4.83200203e+05    1.30523606e+04    -1.86835066e+03
    1.90160000e+02    3.32427659e-02    3.78782195e-07    9.27150227e+02    2.34758726e+06    -4.82451223e+05    1.30180000e+04    -1.86440680e+03
    1.90660000e+02    3.61763528e-02    4.11127740e-07    9.27099571e+02    2.34851263e+06    -4.81700508e+05    1.29838300e+04    -1.86046417e+03
    1.91160000e+02    3.93516116e-02    4.46043390e-07    9.27048741e+02    2.34943801e+06    -4.80948056e+05    1.29498492e+04    -1.85652277e+03
    1.91660000e+02    4.27870002e-02    4.83717700e-07    9.26997737e+02    2.35036339e+06    -4.80193866e+05    1.29160559e+04    -1.85258259e+03
    1.92160000e+02    4.65022719e-02    5.24351873e-07    9.26946560e+02    2.35128878e+06    -4.79437938e+05    1.28824488e+04    -1.84864362e+03
    1.92660000e+02    5.05185581e-02    5.68160521e-07    9.26895210e+02    2.35221418e+06    -4.78680271e+05    1.28490264e+04    -1.84470585e+03
    1.93160000e+02    5.48584560e-02    6.15372475e-07    9.26843687e+02    2.35313959e+06    -4.77920863e+05    1.28157872e+04    -1.84076926e+03
    1.93660000e+02    5.95461203e-02    6.66231631e-07    9.26791993e+02    2.35406501e+06    -4.77159714e+05    1.27827299e+04    -1.83683384e+03
    1.94160000e+02    6.46073610e-02    7.20997846e-07    9.26740128e+02    2.35499043e+06    -4.76396823e+05    1.27498530e+04    -1.83289958e+03
    1.94660000e+02    7.00697460e-02    7.79947871e-07    9.26688092e+02    2.35591586e+06    -4.75632188e+05    1.27171552e+04    -1.82896648e+03
    1.95160000e+02    7.59627112e-02    8.43376364e-07    9.26635885e+02    2.35684130e+06    -4.74865810e+05    1.26846350e+04    -1.82503452e+03
    1.95660000e+02    8.23176725e-02    9.11596898e-07    9.26583509e+02    2.35776675e+06    -4.74097686e+05    1.26522911e+04    -1.82110369e+03
    1.96160000e+02    8.91681487e-02    9.84943074e-07    9.26530963e+02    2.35869221e+06    -4.73327817e+05    1.26201222e+04    -1.81717398e+03
    1.96660000e+02    9.65498883e-02    1.06376967e-06    9.26478249e+02    2.35961767e+06    -4.72556200e+05    1.25881269e+04    -1.81324538e+03
    1.97160000e+02    1.04501004e-01    1.14845385e-06    9.26425367e+02    2.36054314e+06    -4.71782836e+05    1.25563038e+04    -1.80931788e+03
    1.97660000e+02    1.13062113e-01    1.23939642e-06    9.26372316e+02    2.36146862e+06    -4.71007724e+05    1.25246518e+04    -1.80539147e+03
    1.98160000e+02    1.22276490e-01    1.33702317e-06    9.26319099e+02    2.36239411e+06    -4.70230861e+05    1.24931694e+04    -1.80146614e+03
    1.98660000e+02    1.32190218e-01    1.44178628e-06    9.26265715e+02    2.36331961e+06    -4.69452249e+05    1.24618553e+04    -1.79754187e+03
    1.99160000e+02    1.42852360e-01    1.55416577e-06    9.26212165e+02    2.36424511e+06    -4.68671884e+05    1.24307085e+04    -1.79361867e+03
    1.99660000e+02    1.54315128e-01    1.67467106e-06    9.26158449e+02    2.36517063e+06    -4.67889768e+05    1.23997274e+04    -1.78969652e+03
    2.00160000e+02    1.66634068e-01    1.80384254e-06    9.26104567e+02    2.36609615e+06    -4.67105898e+05    1.23689110e+04    -1.78577541e+03
    2.00660000e+02    1.79868251e-01    1.94225331e-06    9.26050521e+02    2.36702167e+06    -4.66320274e+05    1.23382580e+04    -1.78185532e+03
    2.01160000e+02    1.94080480e-01    2.09051093e-06    9.25996311e+02    2.36794721e+06    -4.65532895e+05    1.23077672e+04    -1.77793626e+03
    2.01660000e+02    2.09337494e-01    2.24925927e-06    9.25941938e+02    2.36887275e+06    -4.64743761e+05    1.22774372e+04    -1.77401821e+03
    2.02160000e+02    2.25710198e-01    2.41918046e-06    9.25887401e+02    2.36979830e+06    -4.63952869e+05    1.22472671e+04    -1.77010116e+03
    2.02660000e+02    2.43273895e-01    2.60099691e-06    9.25832701e+02    2.37072386e+06    -4.63160220e+05    1.22172555e+04    -1.76618510e+03
    2.03160000e+02    2.62108532e-01    2.79547348e-06    9.25777839e+02    2.37164942e+06    -4.62365812e+05    1.21874013e+04    -1.76227003e+03
    2.03660000e+02    2.82298958e-01    3.00341965e-06    9.25722815e+02    2.37257500e+06    -4.61569645e+05    1.21577034e+04    -1.75835592e+03
    2.04160000e+02    3.03935196e-01    3.22569188e-06    9.25667631e+02    2.37350058e+06    -4.60771717e+05    1.21281605e+04    -1.75444279e+03
    2.04660000e+02    3.27112724e-01    3.46319605e-06    9.25612285e+02    2.37442616e+06    -4.59972028e+05    1.20987716e+04    -1.75053061e+03
    2.05160000e+02    3.51932779e-01    3.71688998e-06    9.25556780e+02    2.37535176e+06    -4.59170577e+05    1.20695355e+04    -1.74661937e+03
    2.05660000e+02    3.78502662e-01    3.98778611e-06    9.25501114e+02    2.37627736e+06    -4.58367363e+05    1.20404511e+04    -1.74270908e+03
    2.06160000e+02    4.06936072e-01    4.27695427e-06    9.25445290e+02    2.37720296e+06    -4.57562386e+05    1.20115172e+04    -1.73879971e+03
    2.06660000e+02    4.37353440e-01    4.58552456e-06    9.25389306e+02    2.37812858e+06    -4.56755643e+05    1.19827329e+04    -1.73489126e+03
    2.07160000e+02    4.69882303e-01    4.91469046e-06    9.25333165e+02    2.37905420e+06    -4.55947135e+05    1.19540970e+04    -1.73098373e+03
    2.07660000e+02    5.04657661e-01    5.26571185e-06    9.25276866e+02    2.37997982e+06    -4.55136861e+05    1.19256084e+04    -1.72707710e+03
    2.08160000e+02    5.41822385e-01    5.63991844e-06    9.25220409e+02    2.38090545e+06    -4.54324820e+05    1.18972661e+04    -1.72317136e+03
    2.08660000e+02    5.81527622e-01    6.03871312e-06    9.25163796e+02    2.38183109e+06    -4.53511010e+05    1.18690690e+04    -1.71926651e+03
    2.09160000e+02    6.23933226e-01    6.46357558e-06    9.25107026e+02    2.38275673e+06    -4.52695431e+05    1.18410161e+04    -1.71536254e+03
    2.09660000e+02    6.69208210e-01    6.91606606e-06    9.25050101e+02    2.38368238e+06    -4.51878083e+05    1.18131063e+04    -1.71145944e+03
    2.10160000e+02    7.17531217e-01    7.39782922e-06    9.24993020e+02    2.38460804e+06    -4.51058964e+05    1.17853387e+04    -1.70755720e+03
    2.10660000e+02    7.69091008e-01    7.91059822e-06    9.24935785e+02    2.38553369e+06    -4.50238074e+05    1.17577121e+04    -1.70365582e+03
    2.11160000e+02    8.24086981e-01    8.45619891e-06    9.24878395e+02    2.38645936e+06    -4.49415411e+05    1.17302256e+04    -1.69975528e+03
    2.11660000e+02    8.82729705e-01    9.03655429e-06    9.24820851e+02    2.38738502e+06    -4.48590976e+05    1.17028782e+04    -1.69585558e+03
    2.12160000e+02    9.45241480e-01    9.65368904e-06    9.24763154e+02    2.38831070e+06    -4.47764766e+05    1.16756689e+04    -1.69195671e+03
    2.12660000e+02    1.01185693e+00    1.03097343e-05    9.24705304e+02    2.38923637e+06    -4.46936782e+05    1.16485968e+04    -1.68805866e+03
    2.13160000e+02    1.08282359e+00    1.10069327e-05    9.24647302e+02    2.39016205e+06    -4.46107022e+05    1.16216608e+04    -1.68416143e+03
    2.13660000e+02    1.15840258e+00    1.17476433e-05    9.24589148e+02    2.39108773e+06    -4.45275486e+05    1.15948600e+04    -1.68026501e+03
    2.14160000e+02    1.23886924e+00    1.25343473e-05    9.24530842e+02    2.39201342e+06    -4.44442173e+05    1.15681935e+04    -1.67636938e+03
    2.14660000e+02    1.32451385e+00    1.33696533e-05    9.24472385e+02    2.39293910e+06    -4.43607082e+05    1.15416603e+04    -1.67247455e+03
    2.15160000e+02    1.41564230e+00    1.42563034e-05    9.24413778e+02    2.39386479e+06    -4.42770212e+05    1.15152594e+04    -1.66858050e+03
    2.15660000e+02    1.51257692e+00    1.51971788e-05    9.24355020e+02    2.39479048e+06    -4.41931562e+05    1.14889900e+04    -1.66468723e+03
    2.16160000e+02    1.61565720e+00    1.61953065e-05    9.24296114e+02    2.39571618e+06    -4.41091133e+05    1.14628512e+04    -1.66079473e+03
    2.16660000e+02    1.72524063e+00    1.72538656e-05    9.24237058e+02    2.39664187e+06    -4.40248922e+05    1.14368420e+04    -1.65690300e+03
    2.17160000e+02    1.84170359e+00    1.83761940e-05    9.24177853e+02    2.39756756e+06    -4.39404929e+05    1.14109615e+04    -1.65301202e+03
    2.17660000e+02    1.96544216e+00    1.95657956e-05    9.24118500e+02    2.39849326e+06    -4.38559154e+05    1.13852089e+04    -1.64912178e+03
    2.18160000e+02    2.09687310e+00    2.08263472e-05    9.24059000e+02    2.39941895e+06    -4.37711596e+05    1.13595832e+04    -1.64523230e+03
    2.18660000e+02    2.23643480e+00    2.21617064e-05    9.23999352e+02    2.40034464e+06    -4.36862253e+05    1.13340836e+04    -1.64134354e+03
    2.19160000e+02    2.38458825e+00    2.35759194e-05    9.23939557e+02    2.40127033e+06    -4.36011125e+05    1.13087092e+04    -1.63745552e+03
    2.19660000e+02    2.54181814e+00    2.50732288e-05    9.23879617e+02    2.40219602e+06    -4.35158212e+05    1.12834591e+04    -1.63356821e+03
    2.20160000e+02    2.70863388e+00    2.66580825e-05    9.23819530e+02    2.40312171e+06    -4.34303512e+05    1.12583326e+04    -1.62968163e+03
    2.20660000e+02    2.88557075e+00    2.83351417e-05    9.23759298e+02    2.40404739e+06    -4.33447025e+05    1.12333287e+04    -1.62579575e+03
    2.21160000e+02    3.07319107e+00    3.01092908e-05    9.23698921e+02    2.40497307e+06    -4.32588751e+05    1.12084467e+04    -1.62191057e+03
    2.21660000e+02    3.27208541e+00    3.19856461e-05    9.23638399e+02    2.40589874e+06    -4.31728687e+05    1.11836857e+04    -1.61802609e+03
    2.22160000e+02    3.48287385e+00    3.39695656e-05    9.23577734e+02    2.40682441e+06    -4.30866834e+05    1.11590448e+04    -1.61414229e+03
    2.22660000e+02    3.70620728e+00    3.60666594e-05    9.23516925e+02    2.40775008e+06    -4.30003192e+05    1.11345233e+04    -1.61025918e+03
    2.23160000e+02    3.94276879e+00    3.82827997e-05    9.23455973e+02    2.40867573e+06    -4.29137758e+05    1.11101203e+04    -1.60637675e+03
    2.23660000e+02    4.19327504e+00    4.06241315e-05    9.23394878e+02    2.40960138e+06    -4.28270532e+05    1.10858351e+04    -1.60249498e+03
    2.24160000e+02    4.45847777e+00    4.30970842e-05    9.23333641e+02    2.41052702e+06    -4.27401515e+05    1.10616669e+04    -1.59861388e+03
    2.24660000e+02    4.73916525e+00    4.57083825e-05    9.23272262e+02    2.41145266e+06    -4.26530704e+05    1.10376148e+04    -1.59473344e+03
    2.25160000e+02    5.03616399e+00    4.84650590e-05    9.23210742e+02    2.41237828e+06    -4.25658100e+05    1.10136781e+04    -1.59085365e+03
    2.25660000e+02    5.35034021e+00    5.13744657e-05    9.23149081e+02    2.41330389e+06    -4.24783702e+05    1.09898561e+04    -1.58697450e+03
    2.26160000e+02    5.68260164e+00    5.44442873e-05    9.23087279e+02    2.41422949e+06    -4.23907508e+05    1.09661479e+04    -1.58309600e+03
    2.26660000e+02    6.03389926e+00    5.76825543e-05    9.23025338e+02    2.41515508e+06    -4.23029519e+05    1.09425528e+04    -1.57921812e+03
    2.27160000e+02    6.40522913e+00    6.10976561e-05    9.22963257e+02    2.41608066e+06    -4.22149733e+05    1.09190701e+04    -1.57534088e+03
    2.27660000e+02    6.79763422e+00    6.46983557e-05    9.22901036e+02    2.41700622e+06    -4.21268150e+05    1.08956989e+04    -1.57146426e+03
    2.28160000e+02    7.21220646e+00    6.84938040e-05    9.22838678e+02    2.41793177e+06    -4.20384769e+05    1.08724386e+04    -1.56758825e+03
    2.28660000e+02    7.65008869e+00    7.24935542e-05    9.22776181e+02    2.41885730e+06    -4.19499589e+05    1.08492885e+04    -1.56371286e+03
    2.29160000e+02    8.11247679e+00    7.67075783e-05    9.22713546e+02    2.41978281e+06    -4.18612611e+05    1.08262477e+04    -1.55983807e+03
    2.29660000e+02    8.60062186e+00    8.11462820e-05    9.22650774e+02    2.42070831e+06    -4.17723832e+05    1.08033157e+04    -1.55596388e+03
    2.30160000e+02    9.11583245e+00    8.58205219e-05    9.22587864e+02    2.42163378e+06    -4.16833253e+05    1.07804916e+04    -1.55209028e+03
    2.30660000e+02    9.65947685e+00    9.07416219e-05    9.22524819e+02    2.42255924e+06    -4.15940873e+05    1.07577747e+04    -1.54821727e+03
    2.31160000e+02    1.02329856e+01    9.59213919e-05    9.22461637e+02    2.42348467e+06    -4.15046691e+05    1.07351644e+04    -1.54434485e+03
    2.31660000e+02    1.08378540e+01    1.01372144e-04    9.22398320e+02    2.42441008e+06    -4.14150707e+05    1.07126600e+04    -1.54047300e+03
    2.32160000e+02    1.14756444e+01    1.07106713e-04    9.22334867e+02    2.42533547e+06    -4.13252919e+05    1.06902607e+04    -1.53660173e+03
    2.32660000e+02    1.21479893e+01    1.13138474e-04    9.22271280e+02    2.42626083e+06    -4.12353328e+05    1.06679659e+04    -1.53273102e+03
    2.33160000e+02    1.28565936e+01    1.19481364e-04    9.22207558e+02    2.42718616e+06    -4.11451932e+05    1.06457750e+04    -1.52886088e+03
    2.33660000e+02    1.36032380e+01    1.26149901e-04    9.22143703e+02    2.42811147e+06    -4.10548731e+05    1.06236871e+04    -1.52499130e+03
    2.34160000e+02    1.43897814e+01    1.33159203e-04    9.22079713e+02    2.42903674e+06    -4.09643724e+05    1.06017017e+04    -1.52112226e+03
    2.34660000e+02    1.52181645e+01    1.40525016e-04    9.22015591e+02    2.42996199e+06    -4.08736911e+05    1.05798181e+04    -1.51725377e+03
    2.35160000e+02    1.60904124e+01    1.48263730e-04    9.21951336e+02    2.43088720e+06    -4.07828292e+05    1.05580357e+04    -1.51338583e+03
    2.35660000e+02    1.70086381e+01    1.56392403e-04    9.21886949e+02    2.43181238e+06    -4.06917864e+05    1.05363538e+04    -1.50951842e+03
    2.36160000e+02    1.79750459e+01    1.64928789e-04    9.21822430e+02    2.43273752e+06    -4.06005629e+05    1.05147717e+04    -1.50565155e+03
    2.36660000e+02    1.89919347e+01    1.73891356e-04    9.21757780e+02    2.43366262e+06    -4.05091584e+05    1.04932888e+04    -1.50178520e+03
    2.37160000e+02    2.00617017e+01    1.83299317e-04    9.21692998e+02    2.43458769e+06    -4.04175731e+05    1.04719044e+04    -1.49791937e+03
    2.37660000e+02    2.11868460e+01    1.93172652e-04    9.21628086e+02    2.43551271e+06    -4.03258067e+05    1.04506180e+04    -1.49405407e+03
    2.38160000e+02    2.23699724e+01    2.03532134e-04    9.21563044e+02    2.43643769e+06    -4.02338593e+05    1.04294290e+04    -1.49018927e+03
    2.38660000e+02    2.36137954e+01    2.14399361e-04    9.21497872e+02    2.43736263e+06    -4.01417307e+05    1.04083366e+04    -1.48632499e+03
    2.39160000e+02    2.49211429e+01    2.25796777e-04    9.21432570e+02    2.43828752e+06    -4.00494210e+05    1.03873403e+04    -1.48246121e+03
    2.39660000e+02    2.62949610e+01    2.37747707e-04    9.21367140e+02    2.43921236e+06    -3.99569300e+05    1.03664394e+04    -1.47859793e+03
    2.40160000e+02    2.77383176e+01    2.50276384e-04    9.21301581e+02    2.44013715e+06    -3.98642578e+05    1.03456335e+04    -1.47473514e+03
    2.40660000e+02    2.92544073e+01    2.63407979e-04    9.21235894e+02    2.44106189e+06    -3.97714042e+05    1.03249217e+04    -1.47087285e+03
    2.41160000e+02    3.08465557e+01    2.77168633e-04    9.21170079e+02    2.44198657e+06    -3.96783692e+05    1.03043037e+04    -1.46701104e+03
    2.41660000e+02    3.25182243e+01    2.91585490e-04    9.21104136e+02    2.44291120e+06    -3.95851527e+05    1.02837787e+04    -1.46314971e+03
    2.42160000e+02    3.42730152e+01    3.06686728e-04    9.21038067e+02    2.44383577e+06    -3.94917547e+05    1.02633462e+04    -1.45928886e+03
    2.42660000e+02    3.61146761e+01    3.22501595e-04    9.20971871e+02    2.44476028e+06    -3.93981751e+05    1.02430056e+04    -1.45542848e+03
    2.43160000e+02    3.80471053e+01    3.39060441e-04    9.20905549e+02    2.44568472e+06    -3.93044138e+05    1.02227564e+04    -1.45156857e+03
    2.43660000e+02    4.00743573e+01    3.56394757e-04    9.20839101e+02    2.44660910e+06    -3.92104709e+05    1.02025979e+04    -1.44770913e+03
    2.44160000e+02    4.22006480e+01    3.74537209e-04    9.20772528e+02    2.44753342e+06    -3.91163463e+05    1.01825296e+04    -1.44385015e+03
    2.44660000e+02    4.44303603e+01    3.93521678e-04    9.20705830e+02    2.44845766e+06    -3.90220398e+05    1.01625509e+04    -1.43999162e+03
    2.45160000e+02    4.67680499e+01    4.13383296e-04    9.20639007e+02    2.44938183e+06    -3.89275515e+05    1.01426613e+04    -1.43613355e+03
    2.45660000e+02    4.92184513e+01    4.34158489e-04    9.20572060e+02    2.45030592e+06    -3.88328812e+05    1.01228602e+04    -1.43227593e+03
    2.46160000e+02    5.17864838e+01    4.55885014e-04    9.20504989e+02    2.45122994e+06    -3.87380290e+05    1.01031470e+04    -1.42841874e+03
    2.46660000e+02    5.44772578e+01    4.78602001e-04    9.20437795e+02    2.45215387e+06    -3.86429948e+05    1.00835213e+04    -1.42456200e+03
    2.47160000e+02    5.72960813e+01    5.02350000e-04    9.20370478e+02    2.45307773e+06    -3.85477785e+05    1.00639824e+04    -1.42070570e+03
    2.47660000e+02    6.02484661e+01    5.27171019e-04    9.20303038e+02    2.45400149e+06    -3.84523801e+05    1.00445299e+04    -1.41684983e+03
    2.48160000e+02    6.33401354e+01    5.53108573e-04    9.20235476e+02    2.45492517e+06    -3.83567995e+05    1.00251631e+04    -1.41299439e+03
    2.48660000e+02    6.65770301e+01    5.80207728e-04    9.20167791e+02    2.45584876e+06    -3.82610366e+05    1.00058816e+04    -1.40913937e+03
    2.49160000e+02    6.99653165e+01    6.08515150e-04    9.20099986e+02    2.45677225e+06    -3.81650915e+05    9.98668491e+03    -1.40528478e+03
    2.49660000e+02    7.35113933e+01    6.38079151e-04    9.20032059e+02    2.45769565e+06    -3.80689641e+05    9.96757240e+03    -1.40143060e+03
    2.50160000e+02    7.72218991e+01    6.68949739e-04    9.19964011e+02    2.45861894e+06    -3.79726543e+05    9.94854359e+03    -1.39757683e+03
    2.50660000e+02    8.11037207e+01    7.01178670e-04    9.19895843e+02    2.45954213e+06    -3.78761620e+05    9.92959797e+03    -1.39372348e+03
    2.51160000e+02    8.51640009e+01    7.34819498e-04    9.19827555e+02    2.46046522e+06    -3.77794872e+05    9.91073502e+03    -1.38987053e+03
    2.51660000e+02    8.94101463e+01    7.69927629e-04    9.19759147e+02    2.46138819e+06    -3.76826300e+05    9.89195425e+03    -1.38601799e+03
    2.52160000e+02    9.38498366e+01    8.06560379e-04    9.19690620e+02    2.46231105e+06    -3.75855901e+05    9.87325514e+03    -1.38216584e+03
    2.52660000e+02    9.84910322e+01    8.44777022e-04    9.19621974e+02    2.46323380e+06    -3.74883676e+05    9.85463720e+03    -1.37831409e+03
    2.53160000e+02    1.03341984e+02    8.84638852e-04    9.19553210e+02    2.46415642e+06    -3.73909624e+05    9.83609994e+03    -1.37446274e+03
    2.53660000e+02    1.08411242e+02    9.26209240e-04    9.19484327e+02    2.46507893e+06    -3.72933745e+05    9.81764286e+03    -1.37061177e+03
    2.54160000e+02    1.13707664e+02    9.69553694e-04    9.19415327e+02    2.46600130e+06    -3.71956038e+05    9.79926547e+03    -1.36676119e+03
    2.54660000e+02    1.19240428e+02    1.01473992e-03    9.19346209e+02    2.46692354e+06    -3.70976503e+05    9.78096730e+03    -1.36291099e+03
    2.55160000e+02    1.25019039e+02    1.06183789e-03    9.19276974e+02    2.46784565e+06    -3.69995138e+05    9.76274785e+03    -1.35906117e+03
    2.55660000e+02    1.31053339e+02    1.11091989e-03    9.19207622e+02    2.46876762e+06    -3.69011945e+05    9.74460666e+03    -1.35521172e+03
    2.56160000e+02    1.37353519e+02    1.16206060e-03    9.19138154e+02    2.46968945e+06    -3.68026922e+05    9.72654324e+03    -1.35136265e+03
    2.56660000e+02    1.43930130e+02    1.21533715e-03    9.19068570e+02    2.47061113e+06    -3.67040069e+05    9.70855713e+03    -1.34751394e+03
    2.57160000e+02    1.50794093e+02    1.27082920e-03    9.18998870e+02    2.47153267e+06    -3.66051385e+05    9.69064786e+03    -1.34366561e+03
    2.57660000e+02    1.57956709e+02    1.32861902e-03    9.18929055e+02    2.47245405e+06    -3.65060870e+05    9.67281497e+03    -1.33981763e+03
    2.58160000e+02    1.65429672e+02    1.38879150e-03    9.18859125e+02    2.47337527e+06    -3.64068523e+05    9.65505800e+03    -1.33597002e+03
    2.58660000e+02    1.73225080e+02    1.45143431e-03    9.18789080e+02    2.47429633e+06    -3.63074345e+05    9.63737648e+03    -1.33212276e+03
    2.59160000e+02    1.81355447e+02    1.51663792e-03    9.18718922e+02    2.47521722e+06    -3.62078333e+05    9.61976997e+03    -1.32827585e+03
    2.59660000e+02    1.89833716e+02    1.58449567e-03    9.18648649e+02    2.47613795e+06    -3.61080489e+05    9.60223802e+03    -1.32442930e+03
    2.60160000e+02    1.98673269e+02    1.65510388e-03    9.18578263e+02    2.47705849e+06    -3.60080812e+05    9.58478017e+03    -1.32058309e+03
    2.60660000e+02    2.07887946e+02    1.72856192e-03    9.18507763e+02    2.47797886e+06    -3.59079300e+05    9.56739598e+03    -1.31673722e+03
    2.61160000e+02    2.17492050e+02    1.80497227e-03    9.18437151e+02    2.47889905e+06    -3.58075955e+05    9.55008502e+03    -1.31289170e+03
    2.61660000e+02    2.27500366e+02    1.88444061e-03    9.18366427e+02    2.47981904e+06    -3.57070774e+05    9.53284684e+03    -1.30904652e+03
    2.62160000e+02    2.37928173e+02    1.96707595e-03    9.18295590e+02    2.48073885e+06    -3.56063759e+05    9.51568102e+03    -1.30520167e+03
    2.62660000e+02    2.48791258e+02    2.05299063e-03    9.18224641e+02    2.48165845e+06    -3.55054907e+05    9.49858710e+03    -1.30135715e+03
    2.63160000e+02    2.60105932e+02    2.14230048e-03    9.18153581e+02    2.48257785e+06    -3.54044220e+05    9.48156468e+03    -1.29751297e+03
    2.63660000e+02    2.71889042e+02    2.23512487e-03    9.18082410e+02    2.48349705e+06    -3.53031696e+05    9.46461332e+03    -1.29366911e+03
    2.64160000e+02    2.84157989e+02    2.33158684e-03    9.18011128e+02    2.48441603e+06    -3.52017336e+05    9.44773260e+03    -1.28982557e+03
    2.64660000e+02    2.96930741e+02    2.43181313e-03    9.17939736e+02    2.48533480e+06    -3.51001138e+05    9.43092210e+03    -1.28598236e+03
    2.65160000e+02    3.10225850e+02    2.53593435e-03    9.17868233e+02    2.48625334e+06    -3.49983102e+05    9.41418140e+03    -1.28213946e+03
    2.65660000e+02    3.24062469e+02    2.64408501e-03    9.17796621e+02    2.48717165e+06    -3.48963228e+05    9.39751008e+03    -1.27829688e+03
    2.66160000e+02    3.38460366e+02    2.75640366e-03    9.17724899e+02    2.48808973e+06    -3.47941515e+05    9.38090775e+03    -1.27445462e+03
    2.66660000e+02    3.53439945e+02    2.87303299e-03    9.17653069e+02    2.48900757e+06    -3.46917964e+05    9.36437398e+03    -1.27061266e+03
    2.67160000e+02    3.69022257e+02    2.99411989e-03    9.17581129e+02    2.48992517e+06    -3.45892573e+05    9.34790837e+03    -1.26677102e+03
    2.67660000e+02    3.85229025e+02    3.11981562e-03    9.17509081e+02    2.49084252e+06    -3.44865342e+05    9.33151051e+03    -1.26292967e+03
    2.68160000e+02    4.02082655e+02    3.25027585e-03    9.17436925e+02    2.49175961e+06    -3.43836270e+05    9.31518002e+03    -1.25908863e+03
    2.68660000e+02    4.19606260e+02    3.38566083e-03    9.17364661e+02    2.49267644e+06    -3.42805358e+05    9.29891648e+03    -1.25524790e+03
    2.69160000e+02    4.37823675e+02    3.52613545e-03    9.17292290e+02    2.49359301e+06    -3.41772605e+05    9.28271951e+03    -1.25140745e+03
    2.69660000e+02    4.56759479e+02    3.67186936e-03    9.17219812e+02    2.49450930e+06    -3.40738011e+05    9.26658871e+03    -1.24756731e+03
    2.70160000e+02    4.76439013e+02    3.82303715e-03    9.17147227e+02    2.49542531e+06    -3.39701575e+05    9.25052369e+03    -1.24372745e+03
    2.70660000e+02    4.96888398e+02    3.97981835e-03    9.17074535e+02    2.49634104e+06    -3.38663296e+05    9.23452406e+03    -1.23988789e+03
    2.71160000e+02    5.18134561e+02    4.14239765e-03    9.17001738e+02    2.49725648e+06    -3.37623174e+05    9.21858943e+03    -1.23604861e+03
    2.71660000e+02    5.40205251e+02    4.31096499e-03    9.16928834e+02    2.49817162e+06    -3.36581210e+05    9.20271944e+03    -1.23220962e+03
    2.72160000e+02    5.63129061e+02    4.48571565e-03    9.16855825e+02    2.49908646e+06    -3.35537402e+05    9.18691369e+03    -1.22837092e+03
    2.72660000e+02    5.86935451e+02    4.66685043e-03    9.16782711e+02    2.50000098e+06    -3.34491750e+05    9.17117180e+03    -1.22453249e+03
    2.73160000e+02    6.11654771e+02    4.85457572e-03    9.16709492e+02    2.50091519e+06    -3.33444254e+05    9.15549341e+03    -1.22069434e+03
